11.4114
25.1328
21.694
33.0874
51.5337
46.0463
37.1358
36.2752
41.1696
34.3621
33.2288
34.4923
22.3829
28.1805
29.2761
28.0295
28.9523
11.4747
10.3017
11.4445
17.177
19.4997
24.0713
24.0621
27.5715
24.1167
29.8508
30.9619
34.4438
46.1024
30.1574
26.933
23.5887
22.5394
17.8451
21.4015
3.53033
16.4143
18.6267
11.6165
18.534
21.8026
22.9252
36.6587
34.331
40.079
41.271
36.6713
28.6594
22.9244
24.0329
25.1271
28.6189
30.0604
22.1856
24.6831
21.1651
20.0056
25.9855
20.1733
24.908
17.5582
15.1058
10.402
13.8251
8.05815
14.9394
21.8034
16.0546
13.7286
19.4293
22.8472
17.109
23.9385
22.7505
32.9431
37.7576
33.5029
29.2488
22.3438
20.0795
22.5607
20.2547
22.6814
24.9848
18.8871
21.1533
18.7031
16.2899
18.5397
24.2465
23.0726
24.2206
21.8954
25.3234
26.467
27.5845
32.1682
33.2904
32.0942
34.561
34.7342
37.4575
-9999.0
27.2267
35.7155
32.1013
22.4536
11.6813
5.800049999999999
19.7288
12.7263
17.3199
16.1375
19.5806
21.8523
21.8465
16.0736
17.2105
17.2233
18.3788
22.9605
28.6683
22.9144
27.6232
27.7937
26.755
23.4596
13.0016
15.4546
19.0692
15.5243
7.09077
5.870029999999999
10.5369
17.5108
15.1364
15.107
17.3811
12.7025
18.4834
19.6276
16.1302
14.9597
14.9501
16.0847
24.0779
27.5182
26.4471
27.8664
28.0803
25.9056
22.5093
25.0313
22.7318
25.1516
22.7227
23.8426
26.0079
15.2494
22.2209
16.3337
18.6322
25.5545
34.8192
33.6195
34.6985
31.1691
30.0122
29.9746
28.7998
31.1424
24.2243
33.6243
28.0086
32.7759
34.1672
25.9482
21.247
22.4167
22.4424
33.0541
24.7157
24.6472
28.0508
32.565
37.0361
61.0781
42.6548
32.2428
33.3897
27.6099
26.4485
22.9906
16.0713
24.077
35.6642
40.5183
31.3157
25.6897
30.6076
23.6773
23.7777
28.6763
20.3397
21.4782
13.0144
24.7102
24.5988
38.5251
37.266
33.7414
37.1982
41.7898
34.825
34.83
34.7883
39.3757
28.9357
30.0817
23.1134
20.8624
29.1937
23.4021
29.4813
27.2754
20.2827
23.9453
23.8219
9.44096
21.1714
22.256
21.0148
25.6104
40.6747
44.104
49.8743
51.0268
50.9818
54.4336
52.1306
45.1931
52.0149
46.2061
35.8765
38.1787
27.9354
23.4275
24.82
24.9542
25.0485
19.138
17.9454
19.0929
10.6507
14.068
24.5105
40.7544
55.7692
69.6034
84.555
86.8522
90.238
90.2533
88.8641
81.8951
88.7558
84.1422
84.1703
68.2906
62.5199
58.2558
12.947
35.5223
28.5904
29.8035
29.7531
28.5427
18.9521
28.253
36.3424
54.8507
59.3508
61.6481
-9999.0
65.0748
67.4001
70.8274
74.3486
68.537
67.3068
61.3765
68.4699
59.6024
61.1804
38.0877
37.2222
24.1159
27.7993
20.5704
27.9017
31.4018
26.3579
32.107
34.3504
42.4777
47.0986
63.4482
68.014
68.9797
36.0941
22.0897
12.7541
10.4014
8.08276
10.3926
8.11722
10.5087
5.87732
11.8442
13.1135
13.1828
10.8412
9.63682
8.4222
10.7665
10.7172
13.0445
17.7366
17.6534
9.3675
13.978
11.6368
19.7789
12.7936
20.9196
17.4289
16.2545
19.7458
17.4076
22.0772
18.7554
18.9701
10.7995
9.66464
9.64637
10.8811
16.9588
18.1571
6.02378
2.392139999999999
4.758449999999999
2.37293
5.89682
10.5593
14.0459
15.209
14.0302
16.3756
16.3757
18.6994
18.6844
18.6601
17.4757
19.9267
20.0658
18.9842
20.3739
12.0501
7.277319999999999
8.51532
8.51641
9.72834
12.1571
15.7466
9.55396
10.6652
9.43043
11.7294
11.6976
10.5036
13.9753
18.6248
13.9431
9.27827
11.5819
13.8611
16.1659
15.1782
17.7794
17.9504
14.4322
7.25732
6.07451
6.08187
2.4369
6.095919999999999
7.2999
10.9018
-9999.0
14.2264
10.5953
12.912
17.5381
17.5064
15.1514
19.7991
20.9725
18.6298
18.6116
23.2037
28.979
30.2439
36.4731
26.0142
29.7145
26.2803
18.092
18.1975
23.084
12.1518
15.7883
13.244
15.5234
28.5434
34.3375
35.3731
32.8878
35.1828
35.213
37.5012
31.6334
30.456
29.2679
25.6852
25.6276
31.3703
23.2394
27.9204
21.0487
30.7235
29.7503
17.8201
38.3252
31.1828
19.1049
29.7703
20.1443
16.492
14.0883
16.3938
14.0125
12.827
12.8328
16.2812
16.2702
12.782
12.7562
17.3825
15.0536
23.2303
17.5236
21.1786
24.8841
27.4448
28.8174
18.088
18.1942
19.4114
19.3349
17.992
20.2377
23.6478
28.2683
35.2062
50.3743
57.3959
60.755
58.4494
53.7436
54.8539
51.3249
27.8708
12.7235
26.5972
19.732
29.1365
32.6479
36.2003
29.1558
31.5452
30.5377
22.2925
20.0426
21.083
23.3176
19.7494
20.8729
20.8453
27.802
26.6461
23.1774
26.6532
23.1979
22.0056
25.4787
24.2759
27.7149
34.8579
33.9344
29.3151
26.0274
29.8248
26.4087
24.0525
20.5079
26.601
32.5324
25.1019
23.6861
29.4926
31.7432
37.5571
29.2726
26.8341
27.9852
26.811
32.6219
33.725
24.3722
25.4788
33.525
29.021
24.6698
23.5757
26.0306
23.9103
22.8411
24.1134
24.1187
30.1814
24.0456
22.6746
23.7044
22.4158
19.9734
21.1036
24.5544
24.5179
28.0598
28.0357
25.6556
20.9517
20.9396
23.26
20.9151
22.0562
22.2067
22.3432
31.9658
29.8277
22.8228
21.7227
16.8029
17.9335
9.49726
13.0301
23.5036
23.412
21.0548
19.8402
17.476
23.2584
22.063
29.0487
26.6955
22.0427
28.9997
28.9888
26.6473
32.5003
42.1066
41.3658
33.3254
32.2055
28.7735
24.8563
11.7799
24.8332
21.2741
24.7735
32.8566
30.413
32.7411
32.6869
27.9328
26.7426
27.9307
31.4407
29.1242
29.1241
24.4678
38.432
33.7504
33.8304
37.448
27.0112
32.0282
29.699
28.6115
28.5853
28.6152
37.178
32.2969
40.438
21.2201
23.5031
19.9021
23.3554
22.134
22.1142
25.6148
23.2888
26.8121
20.951
24.4221
30.1971
32.5254
34.9315
99999.0
99999.0
99999.0
99999.0
99999.0
24.0402
36.1009
26.3632
52.5935
41.712
35.5609
30.7215
33.0059
27.0508
29.3614
29.325
30.4657
35.1197
30.4594
29.2506
18.6587
23.3218
26.8017
43.211
40.9581
35.1609
29.3809
31.9425
29.5882
30.8098
28.6163
30.9851
36.9153
32.0904
30.7491
29.5007
23.5221
23.4641
25.7461
25.7467
25.7188
30.3677
26.8829
29.1972
31.4969
34.8966
32.5034
25.6176
34.0382
37.8861
30.9828
37.2167
21.6655
30.1725
33.8948
26.4019
27.4785
28.4758
26.0016
29.3426
19.8059
25.6445
26.8118
27.9618
39.6329
36.1799
36.1561
31.4553
30.2481
36.0416
38.3704
39.585
46.7906
43.4753
40.1112
18.9558
23.8914
17.9853
19.2345
19.2847
11.9839
14.3166
15.3698
15.3119
12.9103
14.0327
10.5153
14.0047
8.17738
15.1899
11.7012
12.8656
12.848
14.0063
18.6711
17.5076
15.1973
10.5653
20.073
20.2775
13.2348
13.2864
15.7281
12.025
10.7181
5.85801
8.1549
16.324
13.9965
17.4473
12.7489
16.2241
18.5582
20.8986
19.7434
20.9153
27.8841
24.3932
26.6823
34.9289
32.7929
34.3453
24.9424
23.8605
24.0129
21.6758
25.4365
21.757
19.1514
15.4512
15.3343
16.5105
30.5846
25.8387
12.829
9.29738
6.967939999999999
4.64499
16.2687
13.9354
15.093
18.5777
15.0854
17.4483
28.1314
31.9264
15.3979
23.8815
18.0066
16.9108
16.9814
9.63555
7.131529999999999
11.8626
11.8428
12.9879
15.3019
18.7784
19.933
22.2487
19.8655
19.8539
24.5575
28.0413
21.0045
29.1084
27.9202
25.6812
37.5872
33.0495
38.1291
33.5913
39.4224
21.3053
34.4394
34.7519
33.4593
29.6312
22.2888
28.0973
28.0644
24.5189
30.3171
27.9818
27.9956
29.1343
32.6001
29.0918
25.5718
24.4118
27.8826
22.0758
19.7867
24.5073
16.3757
16.4948
16.5882
13.0855
11.9198
8.34655
9.49994
99999.0
-17.6474
14.0662
7.02388
5.848139999999999
5.83922
10.5032
9.32444
12.8201
11.6481
10.4808
13.9771
13.9628
2.321359999999999
17.4585
17.5178
7.046529999999999
8.25227
5.941749999999999
5.96419
7.19585
5.99552
2.37801
2.367869999999999
7.09278
11.7898
5.871789999999999
1.166609999999999
5.81691
6.96344
4.64182
5.807109999999999
9.28417
6.960479999999999
4.631809999999999
8.10327
12.7324
12.7389
12.8279
11.7311
9.43103
17.8837
10.7334
14.3201
10.7572
14.3853
11.9607
13.1038
8.2466
8.21069
14.0627
14.0191
16.3246
12.828
16.3015
8.13489
9.28885
8.13323
15.1188
16.2696
11.6082
13.9113
9.28906
11.6895
15.3495
7.09309
10.6949
8.36986
4.80208
-6.00631
9.56356
-1.18036
2.33989
1.16558
3.49926
5.821839999999999
1.16377
5.810749999999999
8.14279
8.14442
11.6465
5.82033
6.98381
5.820759999999999
5.822309999999999
8.14752
6.98709
10.5127
8.20204
10.5898
16.6571
2.38822
9.55793
3.56549
7.076749999999999
5.857789999999999
15.1717
10.4763
11.6242
8.13166
11.6104
6.95507
11.5805
16.2276
13.9415
13.9485
9.27784
20.8687
23.1727
12.7335
32.6138
25.7215
14.1254
11.8655
7.14785
9.55584
2.38566
2.3721
8.24673
5.877519999999999
4.697289999999999
7.02188
5.84348
9.34054
6.99809
6.985159999999999
5.82929
6.99668
5.824939999999999
9.31185
9.28675
11.5998
10.4321
16.2146
18.5709
26.7792
15.1697
16.4715
11.8767
7.18832
22.8716
16.9011
-2.384799999999999
7.068979999999999
5.846989999999999
9.35756
11.6772
10.4795
11.637
6.97168
6.96096
8.11072
10.442
12.7525
8.10361
15.0591
15.0498
18.5238
23.2515
18.7962
24.8581
13.0701
9.56235
14.4307
11.9827
9.48459
4.73322
7.092229999999999
14.172
10.5654
11.6506
9.29525
11.5937
10.4265
13.886
16.2097
11.5891
16.2317
15.0538
17.3539
15.0244
15.017
19.6485
23.1935
25.6217
25.7511
15.2719
11.7444
10.5981
11.8154
12.9795
8.24889
16.4628
9.37679
9.34298
15.1215
10.4487
16.2218
5.79152
6.9457
4.63131
9.27496
8.11098
11.5766
13.8826
17.358
17.4171
17.4698
14.0664
27.1557
15.4429
15.5245
11.9607
17.8992
9.48308
11.7844
17.6643
16.428
12.8346
8.13979
19.756
19.7366
13.932
18.5507
17.3973
17.3822
20.8308
19.6441
17.3123
23.1069
24.3806
39.7951
24.7832
22.5758
14.3145
20.4
21.6664
16.9031
14.4981
14.3684
10.667
12.9829
17.6535
18.7609
19.9081
28.0382
24.4951
24.4708
20.9178
17.3851
16.1903
18.4701
18.445
20.761
31.4001
25.8382
18.9617
14.3156
15.593
15.6551
19.3154
12.1063
15.7495
13.2696
16.7855
9.459
18.847
22.329
23.4553
19.9177
7.0044
15.1405
11.6533
22.142
18.6684
26.7809
22.1242
24.3815
27.812
27.8771
29.2575
18.8436
27.1927
20.0952
7.028319999999999
15.2667
22.4437
14.1179
32.867
17.5533
14.0115
8.15368
12.7535
6.94057
10.417
11.5806
12.7292
12.7395
15.0351
12.7026
19.6471
21.9518
31.3126
33.9001
27.0242
22.2368
15.2053
17.6056
11.8188
21.3931
19.9839
0.0
11.6469
9.313299999999998
9.30062
13.9525
13.9359
8.12112
9.2827
11.6213
16.2612
2.318519999999999
2.31421
8.09711
8.09849
6.94622
17.4004
18.6221
19.8118
15.1732
9.3847
10.6173
16.6086
9.50733
99999.0
-17.7144
15.3197
7.04469
4.680609999999999
6.99809
9.3029
6.961199999999999
8.12534
8.12328
8.12549
3.479
12.7677
10.4488
11.5962
26.679
22.1611
21.1525
15.359
9.49729
1.18787
8.38392
5.96874
7.107689999999999
5.90913
9.43927
10.5892
11.7284
5.85235
10.5118
4.6615
8.14231
10.4556
12.776
10.448
11.616
8.12346
13.9178
10.4195
18.5361
22.0221
25.6472
18.7871
18.8666
10.6445
11.8936
10.7498
8.39823
3.59831
15.5373
3.5516199999999998
16.4576
15.2209
12.858
5.83105
12.8255
10.486
4.65341
5.815089999999999
5.81421
10.4776
11.6026
12.7163
15.0287
16.299
14.0611
12.9921
8.31962
3.58645
3.600039999999999
4.80923
3.61869
8.43415
8.397429999999998
1.192099999999999
2.36783
2.356059999999999
2.34771
9.37259
7.00462
5.835569999999999
2.328399999999999
6.98589
8.15979
6.99415
12.8146
4.650459999999999
3.48089
6.962559999999999
5.810789999999999
7.00431
5.848939999999999
3.51512
18.8529
-2.34836
99999.0
0.0
14.1975
9.43826
2.34796
7.02209
7.01562
2.3317
8.15839
6.989099999999999
5.818959999999999
5.82455
5.820409999999999
6.98158
4.65197
5.815529999999999
5.819989999999999
5.8402
14.1198
3.53098
7.0975
13.0909
1.18184
8.29231
16.6896
2.36798
8.28495
9.44191
9.40831
8.21563
8.185859999999998
8.17288
9.31974
10.4775
6.98174
5.8108
11.6267
9.29626
12.7743
10.4372
16.2516
11.634
17.6026
11.7866
18.9168
22.5456
17.8671
15.4859
8.35781
10.7685
9.56121
11.8822
9.46772
10.6019
11.735
12.8737
9.36645
7.01437
4.66328
8.14215
4.64618
8.13562
8.12185
10.4293
5.79291
8.13135
15.2169
14.1488
13.0988
8.39489
4.82059
4.833009999999999
7.273089999999999
6.062459999999999
2.415239999999999
3.58502
3.556
8.26229
10.5827
11.7367
14.0597
14.0459
11.6809
12.8471
9.35055
11.6729
6.9949
8.15806
15.1432
11.6673
4.67281
10.5649
13.0132
8.32852
5.97095
9.59004
9.5961
3.582059999999999
3.56163
4.734849999999999
8.25687
11.7357
10.5236
14.0056
12.8111
8.13737
5.79703
12.7299
13.8868
15.019
16.139
12.6607
20.7544
36.0975
23.5095
11.8087
9.48482
7.15198
9.58595
12.0206
9.63117
6.01836
14.4113
1.19158
9.48651
15.3399
11.7641
12.8967
12.8975
14.0549
14.0368
9.34712
8.17639
6.99746
6.99005
12.8047
12.7757
6.982879999999999
8.17171
9.38262
13.0121
15.4738
13.1714
10.804
9.60678
3.59295
8.37972
15.395
3.52253
1.16754
8.14579
3.4769
0.0
8.08056
5.782499999999999
3.47888
6.969109999999999
5.81561
5.81949
9.28462
6.949349999999999
16.293
-17.5914
12.9864
7.12002
9.55502
1.199179999999999
8.4245
2.41528
4.82479
8.41427
3.575489999999999
2.367509999999999
4.71081
4.70075
10.562
8.19072
7.018399999999999
5.8437
7.00595
7.003549999999999
8.16991
5.82894
8.15496
20.9792
9.34049
7.02557
10.5711
5.898259999999999
5.93479
8.354309999999998
4.80825
4.81484
7.235879999999999
1.19961
7.153649999999999
15.4203
14.1747
9.40474
0.0
3.48952
4.646449999999999
6.96921
1.158439999999999
3.47959
9.26816
4.630939999999999
10.4141
13.8772
10.4425
21.1287
21.2717
10.6923
8.35924
4.789069999999999
6.001439999999999
7.197519999999999
3.60121
9.53409
7.081719999999999
2.34364
2.3334
4.664729999999999
3.49315
4.65604
5.82613
8.15762
10.4816
4.654869999999999
4.656799999999999
8.14009
3.48591
11.6194
12.7976
16.3921
12.958
22.552
9.56059
4.802229999999999
9.6541
1.20546
6.03739
2.39676
1.19014
2.36315
4.710099999999999
3.52535
11.6381
4.62558
9.25423
1.15745
2.31115
1.156029999999999
0.0
2.31217
6.93376
6.93156
16.1917
6.96874
11.7036
15.2639
14.2246
14.2143
0.0
4.669109999999999
10.5596
8.21696
4.68041
9.33772
10.475
8.13356
11.6104
11.6076
12.7657
15.063
3.467849999999999
6.94217
6.94864
5.78328
9.25262
12.7201
15.0278
17.3693
13.9223
16.2684
16.3702
16.5436
15.5119
7.193329999999999
10.7386
-12.8531
9.35112
5.821799999999999
13.9497
11.6193
6.973239999999999
9.28862
9.28706
9.30395
6.972529999999999
4.64072
0.0
4.63161
3.47426
6.95106
12.7368
13.913
7.004109999999999
8.22262
8.2876
8.32976
2.37886
7.10365
0.0
-1.17405
12.9389
12.8727
4.67584
5.833429999999999
5.822829999999999
9.30454
8.1292
5.796899999999999
10.4507
8.105529999999998
8.09104
10.3824
11.5128
18.44
32.5778
27.0415
18.9785
7.13677
4.79042
9.60561
6.030439999999999
7.249869999999999
7.25628
1.20522
4.78172
0.0
0.0
3.52359
5.859149999999999
5.844619999999999
4.668099999999999
3.49622
10.4827
6.99568
10.4919
4.65819
6.9782
12.7969
13.9842
29.3216
9.43808
9.46353
7.106029999999999
3.56348
10.7427
8.40523
9.641189999999998
2.392999999999999
-1.179
12.8869
14.0273
21.0095
19.8182
8.14437
2.32513
9.29837
8.14008
8.13898
12.7935
9.2918
12.7499
10.4344
24.458
21.1742
5.920709999999999
11.9357
9.58154
4.813019999999999
6.03451
2.406
3.60657
7.20868
5.9721
5.937669999999999
7.07716
8.20282
3.497269999999999
3.49006
5.81346
10.4658
5.81456
10.4653
10.4726
10.4464
5.79387
16.236
15.1823
99999.0
99999.0
99999.0
99999.0
99999.0
99999.0
-10.6112
4.70495
14.0412
8.16091
19.8168
13.9627
12.7916
12.7885
5.82012
4.639199999999999
3.475639999999999
5.79718
9.26625
3.472989999999999
3.47189
11.5711
9.25509
17.3823
6.99335
10.5751
1.17615
4.7397
4.764479999999999
1.2
7.23939
3.567439999999999
-1.17469
7.0384
12.8726
11.6898
10.5174
11.6569
19.7705
16.2615
16.2673
16.2683
11.6226
15.1124
12.7767
11.5933
13.9033
26.7309
26.8664
23.4845
31.9206
27.2799
4.68581
10.5755
18.8866
8.25452
10.6094
12.9287
7.01881
4.67877
8.17145
2.33168
8.13987
6.9793
2.32485
4.64156
6.951749999999999
3.469279999999999
6.929669999999999
13.8452
10.389
13.873
8.13758
14.0625
2.35562
7.12448
5.9541
10.757
4.75684
3.557519999999999
5.8684
6.98461
11.6172
12.7631
11.5786
9.2576
16.2012
8.0998
5.78092
5.774079999999999
3.46329
4.616749999999999
8.07743
0.0
3.4582
5.77216
9.26188
16.322
8.22132
14.1619
10.6226
9.47698
14.3063
13.0918
1.184269999999999
3.53507
3.52443
7.01604
8.17744
9.31592
1.161559999999999
3.47946
5.80281
6.96403
10.4524
2.319599999999999
6.94101
4.61777
6.91924
4.60562
8.08148
6.951159999999999
14.052
9.44581
9.47707
1.183079999999999
5.89205
1.18808
5.9519
3.542629999999999
-2.33578
-2.32622
1.159759999999999
2.313349999999999
-1.15422
1.15453
0.0
5.78533
10.4288
5.801619999999999
6.93862
9.22899
9.23984
9.27369
21.0167
16.4449
8.29982
5.94015
2.37543
11.7456
5.87626
16.5161
1.17421
11.7218
5.83617
16.3052
4.64641
0.0
3.47154
-2.311129999999999
2.3127
4.63009
10.4178
6.943489999999999
8.09761
8.09485
13.8826
6.97055
7.01771
16.509
7.11815
14.304
4.754419999999999
4.763539999999999
1.192739999999999
-1.19011
9.44501
0.0
4.6881
5.843379999999999
2.32988
5.815269999999999
-1.16008
1.1587
1.16059
4.639719999999999
5.798569999999999
6.9575
6.955129999999999
9.27362
19.7237
16.2323
19.7895
19.8305
17.6397
4.726849999999999
3.56076
3.58097
0.0
7.15855
15.4122
16.543
5.888469999999999
10.5534
4.675469999999999
11.6829
11.6658
10.4802
13.9674
10.4756
15.1037
10.4474
13.9318
13.9292
9.2877
19.766
8.16993
14.092
18.9011
9.51568
8.37142
1.203149999999999
14.4843
5.99976
-3.53857
21.1872
15.2104
8.16236
15.1295
6.965959999999999
4.64135
8.12158
13.9254
11.6196
-1.161899999999999
-1.16256
6.977859999999999
9.29189
9.30162
10.4765
11.7206
8.26695
5.91929
1.18676
3.568919999999999
10.6762
10.6305
-2.3323
2.327539999999999
8.14682
9.30462
8.12746
12.7611
15.0733
12.7487
5.79424
9.26417
5.783019999999999
8.10279
13.9185
10.4476
6.94955
6.94821
9.28138
9.34855
16.4733
9.4639
5.91072
-3.558059999999999
9.53156
2.388409999999999
0.0
1.17768
5.818629999999999
0.0
0.0
4.624579999999999
3.46266
1.153489999999999
6.92328
4.61918
8.08269
5.7762
4.62715
4.62108
10.3986
6.936869999999999
12.752
13.9767
16.4226
8.26733
9.54117
2.3982
1.202129999999999
-3.59024
10.7192
0.0
8.19943
11.6655
11.6433
10.4671
4.64308
9.30165
9.31675
6.998739999999999
15.1864
15.1795
15.1376
6.960119999999999
10.4135
17.3819
26.9279
27.1044
18.991
22.6537
13.1602
14.3754
1.17302
4.67631
18.6861
17.5519
25.7502
21.0107
30.3015
25.5883
26.714
25.4919
9.27063
3.47541
0.0
-2.31067
0.0
9.25022
15.0425
15.043
17.5255
24.5951
24.8899
11.9403
8.35385
2.39738
9.60928
10.8416
8.43482
9.61218
-1.193349999999999
0.0
2.36179
8.2463
4.700529999999999
8.20435
2.33436
4.658299999999999
5.82195
1.16337
2.323049999999999
2.32361
5.7983
10.4368
9.32984
8.22712
7.113699999999999
5.969389999999999
13.176
4.79471
4.78451
-1.19416
4.757329999999999
3.5381
0.0
9.34808
13.9873
11.6431
6.97226
8.141189999999998
4.647509999999999
10.4504
6.95683
8.1182
9.29974
8.14559
10.4593
6.95624
10.5034
11.7479
4.72172
9.49434
-2.38269
4.786889999999999
3.59336
-1.1946
9.60562
-12.9767
7.06188
4.685089999999999
6.98704
1.160069999999999
5.802469999999999
6.9656
10.427
9.25578
0.0
5.787759999999999
4.63546
6.945579999999999
8.09819
10.4072
8.13586
10.4874
18.7517
8.2728
3.579359999999999
3.58618
6.01386
5.97878
5.92471
5.90772
9.4408
10.5634
14.0141
8.157799999999998
5.81294
3.48064
1.16076
4.639
-1.15961
2.32016
3.48064
5.803919999999999
8.12604
2.3187699999999998
9.28915
1.16294
2.32797
8.18343
2.34817
10.6351
99999.0
-17.7677
9.47159
5.907119999999999
2.35401
7.033199999999999
15.194
12.8422
13.9705
8.14449
2.322769999999999
3.477609999999999
6.96281
3.482019999999999
2.32209
4.63654
4.63299
6.957889999999999
23.2823
11.7174
4.725109999999999
2.375669999999999
4.774949999999999
5.97885
2.38944
-10.7056
0.0
15.5983
-2.36961
2.36039
4.707749999999999
4.68918
-1.16714
0.0
4.65725
5.82155
8.14646
3.484189999999999
6.96849
6.96821
6.95852
11.5944
12.7794
12.9059
18.9462
3.54575
7.133379999999999
4.776259999999999
7.13246
2.37616
10.7696
6.01599
3.58041
2.366239999999999
7.050709999999999
4.68574
3.5124
7.003079999999999
7.000519999999999
3.500849999999999
4.66554
8.15836
8.15969
8.14643
6.959579999999999
12.7673
13.963
15.2629
11.8311
2.376869999999999
1.19428
9.60255
6.00786
3.6055099999999998
7.232039999999999
7.186499999999999
9.49662
7.080949999999999
2.35305
7.04121
3.51297
7.01205
3.492389999999999
4.65366
-1.16452
0.0
5.82443
4.653509999999999
4.64794
15.1453
16.3961
8.24702
16.5684
8.33358
5.98247
2.40885
6.04178
12.1487
8.46439
-2.38917
7.109079999999999
3.53681
9.40059
10.5571
10.5526
10.5468
8.18024
5.83762
5.836549999999999
6.995879999999999
3.49054
1.16345
8.14264
3.489409999999999
4.66307
11.7041
2.34532
8.26383
7.09384
4.752159999999999
7.189289999999999
7.18343
3.586279999999999
7.13374
4.73324
10.6107
17.6193
16.3792
17.5213
17.5107
18.6527
12.8148
6.97771
0.0
3.47888
4.63487
1.158169999999999
0.0
10.5101
8.20607
2.35063
0.0
8.35177
8.36802
4.780969999999999
3.58873
4.771359999999999
-1.18382
5.893539999999999
8.23534
1.169999999999999
5.82068
3.48268
9.28857
4.64499
8.13194
2.325149999999999
8.1371
5.81951
9.30519
10.4561
11.5913
18.5326
6.94123
4.64982
9.41303
10.6847
4.768419999999999
9.534019999999998
2.39569
4.791629999999999
-2.382979999999999
2.36903
2.35788
3.521539999999999
3.50996
4.678499999999999
1.16843
2.33515
8.16855
5.832939999999999
2.33211
6.993339999999999
3.489259999999999
1.163859999999999
5.823529999999999
5.83727
-1.17487
8.31521
10.7493
7.191119999999999
3.59702
8.42856
-1.19094
2.37757
0.0
7.08058
-2.347399999999999
5.853729999999999
5.84511
5.8276
8.15106
6.99342
5.82596
9.31728
3.495299999999999
4.657849999999999
8.13947
6.96204
6.95777
12.8134
15.2693
13.0042
10.6541
7.133479999999999
10.6986
-7.084909999999999
9.54179
-2.34683
1.16859
7.01492
8.17643
11.6665
8.1451
5.81346
6.966859999999999
3.479649999999999
4.639899999999999
4.648259999999999
2.322639999999999
3.4845
3.480869999999999
4.63403
4.63473
15.2217
13.0037
8.32112
10.7747
4.7857
1.20444
2.40994
1.20536
6.040149999999999
2.40221
3.583639999999999
1.186979999999999
11.8384
4.718009999999999
12.9113
4.67062
3.499769999999999
4.657639999999999
2.32602
3.49142
5.8258
-2.330029999999999
9.32105
6.972439999999999
5.841719999999999
7.05238
10.6842
9.54773
2.38774
8.36558
2.395589999999999
9.5778
5.963589999999999
11.8384
-2.33249
3.485879999999999
4.64217
3.47209
2.30688
-1.1507
2.302649999999999
1.15256
1.15588
2.315599999999999
4.64379
6.96427
9.27653
6.964929999999999
14.0272
16.4603
16.5877
13.1536
6.027359999999999
4.82856
7.2683
0.0
2.430009999999999
99999.0
99999.0
-17.8296
4.718589999999999
-1.163559999999999
5.803519999999999
4.63375
8.10471
3.47108
5.797509999999999
-1.1615
1.161799999999999
4.64878
4.646449999999999
9.28163
8.1539
7.04227
9.44033
8.33266
11.9729
4.80391
6.034919999999999
3.61634
9.64172
1.19632
-2.36886
2.35917
7.05937
7.040779999999999
8.19599
4.67975
9.34992
3.49288
3.49481
4.661179999999999
5.82035
4.65279
4.647899999999999
9.28767
22.0985
7.02486
9.36574
7.0613
2.3704
8.34773
6.00452
7.214129999999999
1.20083
8.38508
0.0
1.18147
3.53348
5.867639999999999
4.689519999999999
3.51019
0.0
4.679289999999999
7.02442
5.851189999999999
7.016219999999999
5.843729999999999
10.5018
9.33596
11.7017
7.06758
10.6503
10.7122
5.96586
2.39387
3.5947
4.802979999999999
7.196419999999999
2.39706
0.0
2.362779999999999
3.52984
8.21373
1.17094
1.169
4.67426
2.33401
10.4971
5.82826
5.82521
9.30449
6.967109999999999
10.4615
11.7172
8.25168
5.93163
5.959159999999999
3.5886
4.82092
6.020699999999999
7.246069999999999
7.221449999999999
-5.947219999999999
2.370849999999999
7.081059999999999
10.5939
7.05773
2.34621
3.51694
0.0
4.679339999999999
3.50951
4.67661
4.6675
3.49833
5.827539999999999
3.50169
9.35093
5.84393
-3.50984
8.27318
3.5817
6.009229999999999
4.83973
4.83941
2.398499999999999
2.39738
10.757
7.128359999999999
10.6394
9.42702
10.5944
14.1028
11.745
12.9218
10.5621
16.4221
14.0416
11.6933
9.35402
12.8552
11.7023
7.0875
19.1179
7.181499999999999
8.38895
7.21095
0.0
6.037149999999999
0.0
4.80344
2.38776
4.748969999999999
5.90913
9.42385
7.048879999999999
9.39211
10.5538
9.39846
12.9204
11.7419
9.38824
11.6987
11.6892
17.548
24.6636
11.8449
9.5355
9.60009
2.415109999999999
1.21431
3.64672
3.63723
2.42315
1.2051
5.98339
4.758939999999999
3.54976
12.9732
10.5821
10.5702
14.0705
10.5479
7.034119999999999
8.20201
4.67827
5.840679999999999
10.5099
15.1829
8.18435
7.031209999999999
8.24174
9.46075
8.32076
3.580709999999999
4.79947
7.20932
2.4001
3.590079999999999
3.572249999999999
2.368619999999999
5.90158
2.348209999999999
9.3835
5.84646
4.67065
3.505819999999999
9.36011
7.01409
9.34519
4.670149999999999
8.15928
10.4773
10.5289
8.27129
7.09659
2.35672
7.10446
5.94263
1.19103
0.0
3.598129999999999
4.77289
0.0
4.714349999999999
2.34159
7.00298
0.0
3.47122
6.94638
4.63511
8.1092
10.4306
10.4333
5.78727
4.62309
12.7152
17.4647
16.4321
10.6395
8.34795
9.61562
7.20464
8.46733
7.28917
2.43146
9.68906
2.39704
0.0
2.36335
4.70718
3.52212
3.51215
1.16941
7.00691
-1.16816
8.16318
5.82504
6.9889
8.15271
10.4937
18.7552
15.3639
7.14242
99999.0
99999.0
99999.0
6.049039999999999
6.028489999999999
7.21199
5.98158
1.190609999999999
9.48141
7.084179999999999
11.7821
10.5965
9.39381
7.03115
11.7208
8.19832
3.50931
10.5089
8.17181
10.5025
10.4928
17.5084
16.4106
17.6972
9.4752
8.36642
8.38964
7.214059999999999
8.41359
3.58516
9.54915
4.749869999999999
7.096479999999999
8.25197
16.4768
16.4105
21.0328
18.6565
22.1311
24.4433
19.773
16.2609
22.0516
24.3805
24.3651
42.0103
38.8397
26.0703
21.4906
14.3792
8.40586
2.41115
12.045
3.592639999999999
7.158269999999999
9.49576
9.46169
5.896569999999999
5.87617
3.519699999999999
3.50658
5.83115
2.332809999999999
4.66854
10.4848
10.4887
4.653459999999999
8.12841
5.815699999999999
12.8636
11.7798
4.74371
5.964129999999999
6.00844
3.62433
7.25474
2.42735
9.68327
-3.60049
3.5754
4.741109999999999
5.905809999999999
7.06651
7.05881
8.21382
9.3692
9.3655
7.01417
10.5072
12.838
11.6645
9.32409
12.8249
15.1718
11.7221
14.1819
5.986699999999999
9.62216
2.411859999999999
6.02564
-2.419109999999999
3.640699999999999
2.42246
-5.984869999999999
-3.56293
2.36288
4.701399999999999
7.048619999999999
5.864099999999999
8.19622
7.016169999999999
4.673549999999999
4.669159999999999
9.33528
4.66404
6.98524
8.14894
17.5992
16.5788
15.526
14.3682
4.81465
3.62794
-1.211649999999999
1.21175
8.44583
4.7995
7.15209
4.735549999999999
5.89287
7.06097
5.8699
8.19364
7.015959999999999
8.17348
6.99519
4.65366
5.8085
6.957939999999999
5.79101
12.7576
14.0368
16.5055
13.0593
10.7541
6.00713
-14.4622
4.84605
1.21282
9.71007
2.40755
2.3816
3.5516199999999998
4.71488
8.21822
7.022509999999999
7.006479999999999
9.32633
3.49718
8.15303
3.49152
6.97491
4.64939
1.16153
6.969599999999999
9.3358
10.6035
10.6319
7.10674
10.7326
5.98542
9.60525
9.63499
10.8398
1.19401
4.75279
3.54123
5.88138
3.51892
2.33589
2.32559
4.641269999999999
4.642599999999999
10.4373
5.803619999999999
22.0653
11.6013
8.09779
20.8149
23.2011
18.7458
5.90341
4.757349999999999
8.35434
4.796789999999999
3.61825
6.02528
0.0
8.42768
3.586079999999999
2.36988
7.033019999999999
9.35595
17.5333
11.6587
8.14703
10.4826
9.31206
9.30867
15.1125
11.6241
10.4409
16.2381
18.6101
18.6865
10.5933
7.09245
13.1088
16.7919
10.8373
6.01058
7.224829999999999
1.20207
11.9762
3.56312
5.90476
10.5911
5.864429999999999
7.03784
5.86003
-2.32517
2.31427
2.31185
10.4233
5.790759999999999
5.79729
5.80621
9.33391
12.9175
13.0143
17.9495
12.0279
7.22935
7.240109999999999
1.20724
1.20609
7.233699999999999
5.9843
2.3791
5.902099999999999
3.50699
-1.16161
8.13098
10.4577
8.12662
5.795499999999999
9.27003
2.320489999999999
5.802509999999999
4.636389999999999
5.79933
8.15972
7.034169999999999
15.3482
4.756719999999999
8.36934
3.599279999999999
8.3906
-3.59769
15.6692
2.39933
-4.746369999999999
4.71201
2.33941
5.841529999999999
2.33366
8.1617
9.32819
6.98631
9.30421
6.97135
8.12309
10.4444
9.27577
10.4389
19.7717
8.16606
5.84775
8.2604
8.31295
8.38372
9.5976
-1.200369999999999
6.01832
9.64713
5.98822
3.554949999999999
4.704869999999999
9.38828
7.01588
3.49337
3.491699999999999
2.329299999999999
2.32612
5.80539
10.4447
10.4264
12.7459
13.9088
21.0103
10.5876
9.46309
8.33073
5.97637
8.39337
1.203009999999999
7.21143
19.1464
99999.0
-17.4919
13.9671
13.9527
15.1089
10.4461
6.95016
8.09797
13.8876
12.7395
8.10161
10.4126
16.1847
16.1688
26.6138
24.487
21.0534
20.0514
14.2635
8.34549
1.191349999999999
3.575289999999999
9.574
5.974739999999999
7.146849999999999
15.3112
3.504389999999999
3.488799999999999
8.13807
11.6254
5.810399999999999
8.13208
5.804599999999999
9.29334
9.2966
13.9386
11.6031
8.11676
12.7634
17.5024
28.0826
17.6372
8.29895
7.13783
7.160709999999999
3.575419999999999
4.776189999999999
2.38398
11.8349
1.17178
15.1948
10.5187
6.993769999999999
4.65413
10.4551
10.4425
10.4532
8.12474
6.962489999999999
5.80349
3.480719999999999
4.639149999999999
3.47922
8.13235
12.887
2.34683
7.066279999999999
10.6607
5.936989999999999
7.12201
10.7215
2.38537
15.4393
5.85418
-5.79093
6.96482
6.967679999999999
10.4277
9.26055
10.4162
13.8995
11.5973
31.3069
23.1727
18.5201
21.9584
21.9841
25.6388
17.6421
22.5376
3.5682
7.151699999999999
14.3009
4.73972
9.47998
0.0
18.9211
9.41113
11.6967
8.16816
9.30479
9.29629
9.28721
10.4301
12.7466
10.4192
9.25022
16.1866
21.9543
32.344
31.2176
27.9454
16.4782
16.5732
10.6914
13.1604
9.58521
9.62549
12.0722
9.65115
6.008169999999999
8.355
10.6548
7.076509999999999
5.84015
10.4571
2.31686
2.316209999999999
9.26643
5.799489999999999
4.638799999999999
11.5951
3.476989999999999
4.63346
5.7903
11.6178
10.5484
13.0043
7.124579999999999
10.7786
9.60761
4.810609999999999
23.9166
-7.03509
8.19151
18.7481
11.6959
5.82329
3.48366
2.32112
4.639249999999999
9.28569
5.80579
6.96936
5.80241
10.4347
8.1133
6.949539999999999
48.6118
17.3849
18.5641
24.482
18.8246
11.8631
5.997869999999999
7.189359999999999
3.60819
6.031279999999999
4.82821
5.98475
-2.368749999999999
14.1432
8.21889
9.37888
10.5434
10.5264
9.33983
3.501599999999999
7.01121
8.18094
10.5128
5.823109999999999
11.6233
21.1151
17.7446
20.2653
9.5711
3.602129999999999
8.46049
4.84682
4.87286
6.086649999999999
6.04989
4.80973
4.768419999999999
7.115719999999999
7.090679999999999
7.06822
10.5798
8.22031
5.86965
9.3944
10.5675
4.6809
6.99765
6.98156
15.0986
8.15998
17.6527
9.48452
4.767409999999999
4.79947
2.41264
7.266759999999999
6.07139
3.640839999999999
6.05097
2.400339999999999
2.379579999999999
8.2876
2.35991
5.88909
3.524919999999999
1.17336
10.5519
9.38576
10.5616
11.725
9.3629
5.845869999999999
10.5214
10.5492
4.72081
13.0711
10.7936
7.22787
8.44856
2.40878
7.257979999999999
7.2087
3.58183
8.31438
9.47173
10.6273
5.888919999999999
7.047799999999999
11.6985
7.003919999999999
9.34447
12.8609
5.841459999999999
8.1727
7.00253
10.492
8.16384
9.34805
8.23511
9.45234
5.93515
7.16589
7.20403
6.01755
7.234969999999999
10.8627
-1.19886
4.75853
7.11113
11.8005
9.41998
9.40505
12.896
12.8911
11.7138
4.684549999999999
11.7022
10.5314
12.8575
14.0211
9.344079999999998
10.5202
5.86777
12.9852
17.7949
11.9669
2.404799999999999
8.45762
7.264039999999999
7.26984
2.413219999999999
10.8118
4.771049999999999
7.12025
9.45365
8.25308
9.40192
12.8999
11.7014
11.7056
8.19839
8.20194
0.0
9.34135
5.83683
12.8798
11.7925
15.5095
8.40917
4.846239999999999
3.631819999999999
1.21166
4.855129999999999
0.0
6.0692
3.621989999999999
2.38539
9.48332
8.25569
5.87164
4.69146
8.1989
10.5194
11.6803
9.329159999999998
13.9789
12.8098
20.9412
22.1126
21.0205
15.3273
11.8692
8.38911
4.82101
2.42274
6.05919
7.27245
3.639139999999999
2.42322
3.61519
10.7625
166.335
20.1326
11.8091
10.5883
9.39998
10.5635
9.38823
7.030999999999999
7.0186
4.67743
8.18511
7.00732
10.5417
9.44133
10.6915
11.9412
9.60366
8.44296
8.46226
7.284629999999999
3.62968
9.66467
7.19001
3.56419
7.10043
11.793
10.5943
9.40287
15.2238
8.17576
5.838239999999999
5.83591
3.498769999999999
3.495769999999999
8.13693
5.80952
11.656
14.1289
5.90969
8.34077
4.79976
7.243789999999999
7.2819
7.293129999999999
2.41943
9.68769
3.607499999999999
10.7234
16.6043
16.527
15.3034
12.9247
15.256
12.9097
16.3991
11.6854
10.4964
10.4846
10.4736
11.6404
22.2431
20.0965
14.298
7.17661
12.0585
7.286929999999999
3.652839999999999
6.11244
3.661709999999999
8.5189
0.0
4.77102
8.3088
5.912069999999999
2.357559999999999
5.872969999999999
8.22305
11.7342
10.5492
8.19148
7.003919999999999
10.4844
9.30761
13.9499
22.232
17.7084
13.1183
8.42877
7.259019999999999
0.0
2.43275
3.65971
4.880589999999999
4.87913
9.65722
2.388209999999999
9.50325
8.28354
10.6217
11.7842
12.9467
18.7555
2.32783
8.1531
5.82115
3.48604
9.29047
9.30072
12.8476
11.7603
16.6198
5.984499999999999
6.01945
4.842579999999999
-1.21204
3.651549999999999
0.0
2.430159999999999
-3.609459999999999
5.966219999999999
9.48398
11.8061
8.23636
7.03842
15.2279
11.719
16.3895
12.859
12.8266
12.8027
16.2634
22.1089
19.9608
20.1002
17.9202
2.401139999999999
2.410299999999999
6.06184
6.06935
2.43352
1.21492
2.42415
8.46402
2.387519999999999
2.372819999999999
4.72869
2.36072
4.70469
7.0289
7.0159
9.34691
6.993859999999999
6.990359999999999
5.819169999999999
8.1298
12.7791
18.625
22.3238
14.2612
11.9279
7.19101
7.21903
99999.0
6.024259999999999
6.01349
9.59572
4.75989
4.7038
8.11092
2.291949999999999
4.5872
9.18881
8.0425
9.20257
10.3309
10.334
10.3219
11.463
17.1734
22.904
35.8021
19.811
17.6012
7.053829999999999
9.43396
11.8535
2.384209999999999
9.58631
10.8081
9.57658
5.946659999999999
3.54292
7.04809
7.018869999999999
5.79194
9.2319
10.3665
11.5275
11.5255
11.5393
6.92199
12.6743
10.353
11.5031
28.9557
24.4831
17.5976
13.0035
10.6913
7.15829
10.773
99999.0
4.78814
1.19147
14.2663
9.43528
9.39562
11.6948
8.12714
6.916649999999999
8.04563
5.7575
9.22971
13.8399
12.6777
11.513
20.7053
16.0942
18.4311
27.8616
16.4045
11.8323
11.9073
8.38328
8.40947
4.80503
4.80295
8.387
7.14803
8.28489
10.5807
7.03294
6.964889999999999
6.902219999999999
4.600769999999999
8.05355
4.59557
12.66
9.20753
11.5034
12.6499
14.9564
21.9005
24.2594
29.0545
18.8383
14.1739
14.2235
15.5141
4.75239
13.0816
10.67
9.4069
17.6089
19.8889
17.5137
17.479
20.9468
19.7795
16.2622
16.2298
3.456809999999999
5.75455
12.6476
10.3275
12.6323
19.6797
17.5513
14.154
17.8514
16.712
15.5855
15.6043
24.0536
15.6382
15.5525
14.271
15.349
15.2537
19.8828
13.9967
16.2725
19.7351
13.9384
17.385
20.8532
12.7261
16.1641
26.5329
26.5211
29.9881
23.2789
22.2647
12.8511
10.4819
9.36859
10.6385
14.2495
10.7044
11.8531
12.9851
5.86387
9.34775
10.4656
9.27871
13.9051
12.746
6.94711
-1.14845
5.74336
6.89968
8.0522
5.742989999999999
11.4861
17.2695
22.0406
15.2547
10.65
7.104669999999999
13.1034
2.37461
5.954819999999999
15.5073
-2.359589999999999
0.0
3.49758
4.65242
5.80029
6.933889999999999
8.08876
6.930189999999999
6.919579999999999
8.06906
5.764429999999999
10.3772
3.454149999999999
13.811
9.20274
16.175
5.78643
3.498619999999999
4.700389999999999
8.29775
3.573929999999999
3.585469999999999
12.0024
10.8132
2.396409999999999
3.57429
-1.180709999999999
5.86029
10.5116
10.4944
12.7802
9.28964
6.95727
9.26609
6.94346
5.78845
5.78115
5.772739999999999
11.534
9.23841
6.98158
10.5362
8.24375
9.4719
5.930819999999999
9.5493
10.748
5.96858
2.37347
8.28334
8.2387
10.5451
9.32226
13.9382
6.947049999999999
8.08731
6.9264
5.768889999999999
6.91696
6.910899999999999
6.912519999999999
6.91042
10.3601
9.21121
6.9221
15.0951
6.97707
7.01083
2.3469
5.90939
9.52778
8.29075
5.881039999999999
5.83861
6.94793
1.15503
9.21773
3.45119
12.6388
6.88964
12.6382
4.59712
8.059
12.6604
8.0612
5.75065
11.4606
8.02929
4.59081
13.9561
5.825789999999999
5.861379999999999
5.904869999999999
4.75312
2.38567
1.19278
9.54587
4.73388
1.17099
3.48978
6.96427
6.964929999999999
5.7895
4.63253
10.41
5.77496
5.77432
4.616399999999999
8.06262
8.05918
11.5197
15.0255
12.7421
10.4975
8.19854
5.890539999999999
10.6412
10.6819
2.38313
3.58575
4.78092
4.75173
-5.818319999999999
5.785709999999999
3.450349999999999
3.4462
3.43861
5.727809999999999
5.736209999999999
11.4782
10.3458
11.5004
13.7973
17.2272
17.2333
21.9092
26.7633
14.0136
5.826939999999999
4.679999999999999
7.074569999999999
7.03077
-1.160169999999999
1.16379
5.828459999999999
4.660219999999999
4.64501
12.7388
6.92849
9.22095
5.75891
8.06997
2.30378
5.754229999999999
3.45169
2.299469999999999
3.44565
8.04145
12.6447
14.9724
23.1175
15.0837
10.466
1.15958
15.1564
2.326929999999999
9.36303
14.0973
10.5552
2.33042
12.7724
6.938019999999999
11.528
12.6582
11.4924
6.90554
8.05371
10.354
13.8014
9.17811
14.889
14.8658
16.0354
19.6769
17.4982
17.6421
8.25617
9.48786
10.7183
9.55426
5.977479999999999
9.57828
-2.37529
-10.518
1.16221
9.26709
9.25166
10.404
11.5521
11.5359
10.3758
10.3916
10.3867
13.8463
11.533
11.5258
13.8201
20.7919
19.7281
12.899
8.24046
4.73153
9.51705
8.37315
3.59463
-18.0642
13.3628
6.04089
1.19612
10.6973
10.6547
10.6208
7.068749999999999
11.7509
9.38031
10.541
7.00783
10.4983
11.6499
11.6017
10.4269
4.644879999999999
19.7835
14.0007
15.2973
9.54513
3.608099999999999
8.45361
3.623689999999999
6.029939999999999
1.206159999999999
7.214249999999999
0.0
5.853119999999999
2.322
-1.15968
9.28279
1.16049
4.64541
10.4605
8.155969999999998
10.4641
15.097
18.5778
16.2607
20.9875
9.39168
11.8297
7.130049999999999
5.976639999999999
9.57472
4.74767
2.382839999999999
8.40728
2.394629999999999
4.77547
5.94296
4.73331
5.89384
5.88407
7.051779999999999
7.02055
-2.327399999999999
0.0
4.655359999999999
2.32335
2.32029
4.63745
9.27223
5.79534
6.96604
4.66162
8.19629
9.40347
7.07849
10.6318
10.6516
14.2108
16.5742
11.825
12.9529
7.043619999999999
9.36385
12.8299
3.48991
6.96231
10.4397
5.79025
6.94482
13.8847
13.8653
16.1603
19.6189
27.9885
31.8108
20.3022
8.45811
4.85186
1.21829
1.22099
4.88924
6.09402
-7.286999999999999
7.25886
1.19391
4.73048
8.23533
12.9151
12.8826
11.7119
11.7042
11.6818
8.15974
5.81726
10.4579
10.4449
9.28333
16.3892
13.0079
11.9642
12.0752
7.292489999999999
2.4358
1.22048
4.8948
2.440869999999999
2.43203
7.247139999999999
19.1711
19.0053
23.6075
18.8319
19.958
16.3949
15.1995
22.1751
17.4747
20.9337
19.7445
23.1999
24.3437
25.6983
33.0842
20.3272
14.4329
2.42234
3.65116
0.0
4.88686
4.879459999999999
12.189
10.9029
22.7597
38.148
30.8412
22.4591
22.3868
23.5497
25.8769
21.1447
15.23
14.0251
11.6646
16.3016
8.16218
23.4847
24.9593
15.6264
4.83131
6.06712
6.070199999999999
-3.64284
7.29584
2.42952
8.49318
7.2233
11.9151
14.201
20.0042
21.0996
18.6801
18.6526
25.6094
18.5935
20.8979
19.7181
18.5445
21.9907
19.6836
33.6233
35.0875
28.5704
7.219159999999999
4.830809999999999
6.06364
2.42409
6.070979999999999
8.49693
7.2709
10.8259
11.8868
12.9729
18.7557
26.8314
27.9474
26.722
24.3506
22.0285
24.3231
20.8336
30.0674
27.7162
28.8615
42.0313
22.4572
15.5508
9.63857
6.044299999999999
7.293169999999999
8.516
6.093049999999999
3.66323
6.09679
13.3436
9.56355
13.0554
14.1627
17.6567
21.1595
21.1519
16.4163
23.4252
19.8927
22.2365
22.175
9.30633
12.8041
12.9119
15.4552
13.1761
13.2092
8.41187
9.68503
6.080059999999999
9.73353
2.433009999999999
3.6425
6.0324
8.36631
17.7879
14.1483
12.9223
12.8853
17.5754
15.2525
16.4137
17.5961
14.0579
11.7087
18.7112
17.5441
28.1405
21.2389
10.6785
13.1983
9.63514
8.47646
6.090799999999999
0.0
4.87635
3.64502
3.61443
5.98285
5.951109999999999
10.6063
4.67056
5.813329999999999
5.808189999999999
5.81231
4.65308
5.82924
11.668
16.3175
12.7887
12.7721
12.7661
6.97203
14.0228
5.876529999999999
5.90022
10.6643
1.17798
8.23248
12.9658
11.7715
9.37779
7.020719999999999
11.7028
9.34887
11.6876
15.1787
12.8368
16.3125
9.29763
9.28862
10.4467
11.6026
11.6018
19.7375
20.939
25.7103
21.1327
18.8135
127.577
12.899
9.4864
10.7038
3.55682
1.183489999999999
4.706579999999999
5.84485
5.811149999999999
10.452
13.9091
4.633449999999999
17.3561
8.090279999999998
9.22298
10.3459
8.03264
11.4599
9.15164
14.8557
18.4617
13.9645
15.2894
7.097089999999999
3.56544
3.581789999999999
7.180769999999999
7.206669999999999
5.99796
4.7946
7.140489999999999
2.35251
14.0236
12.8265
17.398
12.7359
16.1759
12.6774
13.8148
18.4235
13.7833
18.357
17.1918
18.3453
21.883
27.8334
19.9327
14.1841
11.8596
5.959869999999999
9.5581
8.38268
9.59931
9.58237
10.6969
4.704159999999999
15.2289
20.9789
27.899
23.2055
20.8537
24.3025
17.3681
15.0478
16.1592
14.9643
10.3316
14.9309
13.8198
18.583
15.1626
7.02425
9.43249
10.6923
7.12619
11.9073
3.57886
9.54666
3.55566
4.70441
8.19752
9.33632
3.473949999999999
12.7324
4.610009999999999
4.595659999999999
2.29453
6.883989999999999
5.73866
6.8863
6.88532
8.02491
13.8597
12.8136
10.5648
9.45426
3.553059999999999
9.51728
8.37792
7.20005
3.589999999999999
3.57106
5.91729
4.69547
7.015889999999999
6.988509999999999
9.28818
4.623969999999999
9.22646
9.21516
13.8098
13.7972
14.943
13.7741
11.4595
12.5962
21.9613
17.5001
9.4092
9.47644
5.94076
2.38445
3.591279999999999
6.00835
6.01621
4.802249999999999
8.33999
1.17954
8.21576
10.5089
15.1333
12.7755
15.0783
16.2386
19.7253
16.2392
20.8538
17.3569
12.7111
25.3964
30.0898
22.1668
18.6864
12.9713
13.0985
8.36074
5.971919999999999
1.203209999999999
-1.20113
6.0129
8.34115
1.180299999999999
9.37753
9.34696
16.303
15.1152
16.2514
99999.0
99999.0
99999.0
99999.0
99999.0
42.5316
16.1015
39.3072
17.5118
16.5167
9.53317
5.985929999999999
0.0
3.61992
2.41399
0.0
0.0
10.7254
77.6911
25.6954
16.2853
9.28286
13.8959
11.5628
10.3847
14.9867
19.5909
16.1137
6.893679999999999
14.9005
17.1857
20.7088
20.9444
15.308
11.8361
8.32529
10.7775
4.805419999999999
2.405419999999999
4.789699999999999
5.961299999999999
8.28227
7.060469999999999
7.0372
5.828129999999999
5.78714
6.92274
12.6287
4.584209999999999
4.581579999999999
4.57861
3.433739999999999
5.728799999999999
3.443169999999999
2.29672
4.60336
10.4312
9.36617
11.8004
9.48104
8.33969
4.77946
7.195909999999999
3.602799999999999
10.818
4.76996
-1.17893
5.85541
6.99
6.96903
6.959249999999999
13.8964
6.92964
11.5561
9.22963
16.1209
14.9633
16.1027
20.7058
25.4558
19.7499
17.6571
11.8803
8.38119
2.402099999999999
6.032
7.247239999999999
2.414759999999999
2.40769
4.76421
2.362499999999999
10.5781
15.219
14.0204
17.5016
16.2508
-2.296419999999999
3.44389
6.8833
11.4933
10.3461
14.9274
14.9298
14.9913
16.2324
20.9944
18.8457
9.45361
7.11566
5.95352
3.58943
9.600179999999998
2.38628
4.73313
8.2358
10.5366
8.16715
9.31472
10.401
0.0
3.44475
6.90158
6.905479999999999
10.3584
10.3449
4.588989999999999
2.298169999999999
17.2176
10.3938
11.675
17.7003
5.922769999999999
3.57866
8.37737
2.398299999999999
6.015259999999999
7.193439999999999
-4.729059999999999
0.0
5.84058
6.97158
4.63177
2.30831
8.06231
9.20644
9.20221
8.05493
11.5105
3.441879999999999
8.01847
16.0307
31.0204
41.7412
17.5692
10.6387
7.145179999999999
8.37507
7.2011
9.61662
8.42752
9.61891
2.37974
9.42673
12.9107
15.2104
15.1618
16.3077
13.9646
15.0998
12.7694
13.9272
13.916
13.8775
16.1724
21.9473
17.3709
19.8604
16.473
15.3849
8.28004
7.12208
8.35828
9.57437
4.776889999999999
10.758
-1.18605
5.89879
3.518699999999999
11.6993
8.16601
9.30695
8.13181
4.636239999999999
10.3737
0.0
1.14594
3.43397
8.01882
6.88661
8.05828
15.0997
12.8927
10.6494
10.7343
8.35916
4.76707
1.19598
8.38964
9.5936
2.3759
-8.16504
3.48219
9.26596
3.455449999999999
3.452249999999999
5.75696
6.905999999999999
3.45149
2.308009999999999
6.9203
6.904239999999999
6.8986
4.60121
13.854
20.9747
14.094
9.45789
9.52357
9.58097
9.598
8.42913
9.65564
1.20116
1.19034
0.0
2.3529
3.51621
8.17618
6.99399
12.7611
9.253239999999998
3.46687
6.9271
4.623009999999999
8.08399
8.07263
16.1427
9.24264
5.7965
9.35452
2.349759999999999
5.934059999999999
14.3395
4.7469
5.975579999999999
5.98057
10.7954
1.18841
1.17954
4.69676
4.679809999999999
9.32057
2.32675
4.643049999999999
6.961319999999999
6.95258
5.797539999999999
9.26632
5.77226
8.06273
8.0528
17.3612
9.34993
10.6472
10.7114
7.162309999999999
5.980319999999999
4.794509999999999
7.20268
5.99739
4.78057
1.187389999999999
3.537949999999999
3.519359999999999
3.50808
8.1656
6.992549999999999
5.833459999999999
1.16621
2.32201
5.79107
6.93503
15.0185
8.068179999999998
10.363
24.411
14.0874
7.089809999999999
13.0804
10.7605
4.78594
6.01125
10.8334
9.60345
3.578329999999999
4.74261
14.1566
18.7829
16.395
14.0198
16.3204
13.9683
4.627349999999999
3.44803
4.5894
4.58577
6.88105
5.73163
6.8807
13.8205
11.5898
15.1345
18.8192
9.43138
9.47627
4.764289999999999
8.37495
3.58448
10.6702
15.2805
18.739
26.8732
29.087
23.2283
6.96614
10.4343
9.27422
9.27203
9.27141
8.11281
17.3545
9.24357
10.3866
22.1234
19.8919
15.3198
12.9927
11.848
8.33898
8.35229
15.4999
15.4954
13.071
22.3956
-4.64301
8.11123
5.774339999999999
6.920469999999999
9.20202
9.19327
4.59323
2.297629999999999
1.14772
2.2932
3.44252
5.73186
3.43697
8.02733
6.913319999999999
13.972
4.67611
4.68724
4.71156
5.927319999999999
99999.0
9.50959
3.560649999999999
4.716149999999999
10.5472
8.17262
11.6248
8.10167
4.61097
3.450499999999999
4.60768
8.06084
10.3518
11.4973
13.7814
11.4687
4.59126
3.461469999999999
10.425
9.28521
11.71
9.41368
11.8392
9.50495
8.33201
8.33266
3.543359999999999
14.0482
22.1629
10.4713
1.15716
5.772809999999999
4.60583
6.90484
4.6002
3.44909
1.15069
5.75448
8.056729999999998
5.753709999999999
9.19816
10.3482
18.5007
17.4932
22.3941
11.8748
10.7332
5.97857
8.39846
1.20046
8.37651
10.6975
2.35815
7.033719999999999
10.5027
9.31738
12.8016
15.1142
0.0
5.757469999999999
8.067709999999998
8.06725
10.3715
16.1239
12.6549
12.6394
11.5535
9.32891
11.7381
7.057459999999999
7.06942
7.083499999999999
9.45759
7.107669999999999
8.28334
5.88679
10.5464
11.6738
9.30845
15.0925
-9999.0
-9999.0
12.7558
3.47351
4.632299999999999
10.4361
8.10736
9.25214
21.9603
23.1502
10.4729
11.7213
11.806
13.0547
10.7004
5.9526
2.399169999999999
0.0
15.5063
5.91769
7.05921
7.03394
9.35427
12.8197
13.9534
10.4527
10.4498
12.7644
12.7544
8.10849
11.5759
10.4025
11.5523
13.8612
17.4393
10.5157
4.6764
4.68811
10.5961
14.25
13.1118
7.17126
7.174249999999999
3.554129999999999
3.5327
10.5352
13.9855
13.9523
16.2693
10.4507
12.7697
12.7621
16.2406
13.92
9.26706
10.408
8.06099
8.05202
9.20151
10.403
17.4991
14.1596
21.3057
25.8303
4.66138
9.39945
16.4803
12.8662
9.30358
12.7605
13.9089
16.1943
18.4922
20.7888
18.4923
17.3298
17.34
12.7081
18.4859
17.3133
24.2251
34.5771
20.8034
15.0429
11.6697
17.5996
1.16069
8.19925
5.8749
11.787
17.6955
15.2311
17.4857
17.419
13.8841
15.0239
14.9964
13.8502
18.4495
19.6114
16.1561
18.4497
21.9042
28.8054
23.042
13.8232
8.07133
3.46681
6.97193
9.32854
-7.018019999999999
5.87622
2.35764
5.91497
-1.1789
-2.34486
-3.50565
1.16394
-1.16083
5.79765
-1.15667
0.0
0.0
2.31253
1.15589
1.15477
-1.15382
4.61169
-3.45791
-2.31212
2.338229999999999
0.0
-3.547089999999999
-3.54923
0.0
-2.35102
1.18377
8.28477
-2.34798
-1.16581
-2.314519999999999
0.0
3.451299999999999
-1.14972
6.900599999999999
0.0
1.154029999999999
-1.15415
-1.15337
3.45088
-1.151149999999999
0.0
0.0
-4.611959999999999
4.6424
2.332399999999999
2.340749999999999
7.055439999999999
0.0
-4.71837
4.72944
1.176979999999999
-2.3509
-1.17063
0.0
2.32241
0.0
0.0
0.0
1.15582
1.154439999999999
0.0
1.14965
-1.14694
2.29172
3.433129999999999
-3.441829999999999
1.15653
-1.1667399999999999
3.517069999999999
3.54257
0.0
0.0
-2.395439999999999
7.189659999999999
9.57872
0.0
3.54901
4.706019999999999
3.512119999999999
10.4955
8.13673
8.12713
6.95016
9.25735
8.09573
9.22886
8.08108
6.93062
16.1577
14.9894
11.5649
15.2205
15.3746
20.283
18.0323
9.61808
14.4656
6.02967
0.0
9.557949999999998
8.28164
5.81345
13.9116
12.7424
11.5605
13.8636
18.4651
11.5228
11.5212
12.6786
14.9924
20.7794
19.631
16.1342
22.0058
18.6966
18.8731
19.022
10.7395
3.60161
4.82033
12.0905
7.240969999999999
3.61809
8.37246
1.183829999999999
10.5889
10.5506
12.8707
10.4954
8.09587
3.45154
3.45413
4.60259
3.45136
9.18729
6.89311
10.3392
8.06735
5.807529999999999
7.043529999999999
14.1582
7.140049999999999
5.982499999999999
3.613869999999999
8.47428
9.67005
2.40892
5.977039999999999
4.72304
15.2461
17.5354
10.495
11.641
10.4581
13.9389
13.9593
15.1357
13.9608
10.4543
13.9077
20.8236
13.9217
18.7724
7.09156
8.32148
9.59271
6.02801
3.632029999999999
8.48386
3.63215
8.43682
3.579369999999999
5.916489999999999
14.1202
11.7267
16.4053
12.8103
5.79176
8.10953
5.787259999999999
9.26197
9.24468
10.3793
11.5261
6.904569999999999
3.45711
12.6993
16.2736
11.71
10.6066
4.723749999999999
5.910639999999999
8.33045
8.35111
2.380459999999999
8.28207
2.353699999999999
4.69263
4.674389999999999
9.32874
9.28665
5.802069999999999
9.27881
8.1166
3.474219999999999
5.784279999999999
8.09288
9.23466
11.5475
10.4328
6.98564
19.9162
10.6173
5.944329999999999
8.3992
0.0
7.2458
0.0
3.596649999999999
3.571559999999999
7.09403
5.883
8.19836
7.016689999999999
11.6789
8.1671
8.16048
9.32435
5.82261
8.14714
4.647339999999999
9.28643
13.9274
15.0771
8.15009
9.36996
10.6033
10.6584
9.52625
8.36806
9.58494
6.020999999999999
8.42687
5.96192
4.72238
9.385559999999998
10.5305
8.17221
6.990829999999999
6.98446
10.4651
6.97301
9.29163
6.96056
16.2085
12.7217
15.0182
13.9481
15.2751
15.3473
7.114869999999999
7.17035
4.81012
3.61744
-1.20767
6.03718
10.8305
0.0
9.45933
15.2863
9.37607
7.01008
6.988039999999999
6.977769999999999
9.27918
9.2817
9.26824
11.5836
9.25307
13.8839
15.0424
12.7761
8.19633
16.5068
13.0079
8.3456
10.7667
14.3451
5.95335
10.7892
14.3539
1.17998
7.04288
18.765
9.35888
10.5029
4.62474
2.31082
3.46306
6.93065
6.925239999999999
1.15198
4.60498
2.30077
1.15106
6.926409999999999
10.4666
9.37374
10.6391
10.7038
3.56204
10.6774
-8.29908
17.6553
2.337289999999999
0.0
2.31324
9.24623
11.5519
11.526
16.136
8.06175
13.8181
14.9567
13.7965
13.8027
19.5592
19.553
16.0947
20.7161
31.2119
22.1246
21.0837
14.1855
10.6628
7.124069999999999
2.37922
10.7325
5.91812
-5.85228
8.16308
9.31814
4.64181
3.47194
4.61822
-9999.0
4.62108
5.768069999999999
9.20692
6.897789999999999
4.59651
4.59834
8.05468
5.760519999999999
9.2701
15.2237
10.6172
7.116579999999999
2.37677
7.164959999999999
6.002959999999999
9.60816
-3.573119999999999
1.18239
8.197
17.5073
18.6215
22.0664
10.3947
10.3924
6.926289999999999
9.23284
11.522
6.90648
11.5121
8.0477
6.89555
9.20306
19.6575
10.4985
9.43213
10.6626
7.15059
5.993389999999999
16.8947
21.6699
2.394909999999999
2.380609999999999
-1.18067
5.873999999999999
4.68309
3.502629999999999
2.32615
6.976429999999999
3.4855
2.322499999999999
1.160679999999999
5.79492
9.26703
6.948959999999999
6.94514
11.6322
15.1808
15.2681
5.88037
13.0795
7.16755
3.57863
5.98719
2.39907
7.169419999999999
4.74967
3.53242
8.21079
4.67009
3.45085
4.593169999999999
5.750049999999999
8.05018
9.19606
9.19186
11.4882
8.04421
8.03191
3.443169999999999
4.60024
8.11626
15.1832
17.613
9.44794
14.2616
16.6812
8.32321
12.9731
-3.5063
3.5064
3.495899999999999
0.0
5.78906
8.10404
8.09459
8.09862
6.941239999999999
6.93822
9.24759
10.3973
9.23114
11.5276
10.3752
20.8479
26.7404
16.4049
7.079699999999999
9.51368
2.38367
8.39869
13.1474
-13.8342
4.61195
12.686
9.23158
11.5248
11.5038
16.0864
14.9316
16.0966
13.7817
19.5153
18.3624
17.2165
13.7652
22.9275
22.9568
17.2142
18.4293
16.2046
11.7081
13.0261
7.17462
10.7784
11.992
7.20288
2.39501
1.185659999999999
0.0
3.514339999999999
4.67089
11.641
11.603
2.31338
9.25273
4.62589
4.627749999999999
3.46614
6.92963
5.77493
12.6882
9.20827
16.1288
19.6611
17.4483
11.6926
8.25035
2.358569999999999
-2.37061
10.7284
3.55219
1.17509
2.338179999999999
3.49411
8.11843
0.0
4.620129999999999
2.308219999999999
4.622799999999999
0.0
1.15494
2.30811
4.61456
2.302299999999999
5.752049999999999
4.622799999999999
9.26499
9.29908
3.5003
4.699589999999999
5.88672
-1.18557
7.157759999999999
3.577059999999999
7.12941
1.1777
-1.16279
-2.311789999999999
2.30287
0.0
4.590209999999999
5.7411
3.44695
4.59951
1.14911
1.14846
2.29501
8.03301
4.58839
17.2914
5.806969999999999
10.5686
3.550279999999999
4.745169999999999
3.57331
3.57079
7.16952
10.7183
-2.363049999999999
5.87199
1.16875
5.82566
4.651869999999999
0.0
5.79926
6.94772
8.10474
6.94305
5.787679999999999
4.62537
4.623109999999999
3.464999999999999
4.62162
6.973849999999999
7.020019999999999
7.046
7.08361
5.9154
10.6966
2.387109999999999
9.59118
-1.16697
6.93341
13.876
10.3964
4.602649999999999
2.294849999999999
10.3361
12.6406
9.19483
6.886809999999999
6.88952
11.5047
11.5015
13.8109
18.4006
27.588
20.6805
19.605
19.754
16.2964
0.0
2.33666
10.5884
3.521199999999999
9.31623
6.94712
99999.0
99999.0
99999.0
99999.0
99999.0
99999.0
-9999.0
-9999.0
-9999.0
-9999.0
-9999.0
-9999.0
-9999.0
-9999.0
-9999.0
99999.0
99999.0
0.0
4.715869999999999
7.125049999999999
3.58637
-3.560579999999999
7.13975
0.0
7.06688
8.21712
3.504319999999999
6.993879999999999
4.64663
2.317489999999999
2.31196
2.30738
3.46356
2.306439999999999
4.61071
5.762209999999999
8.06322
12.6684
12.6619
5.77355
5.819659999999999
3.513609999999999
1.17841
7.095699999999999
-1.18189
4.74199
-1.18103
5.90554
3.52021
6.98993
4.649239999999999
8.1144
2.316469999999999
2.31508
2.3109
3.46732
4.62879
8.09666
3.46814
4.62406
4.618669999999999
5.77475
10.3991
5.79985
10.52
15.3117
21.3129
10.6635
-1.18268
5.891869999999999
0.0
-3.49718
4.65909
4.64972
2.323809999999999
9.28539
5.800799999999999
3.47786
3.47539
5.790879999999999
1.1574
-1.15829
2.31611
1.15625
0.0
4.6233
1.156639999999999
4.648539999999999
17.6234
16.4481
17.7578
2.36864
5.956669999999999
7.17694
5.986559999999999
-2.38267
2.36674
0.0
8.18042
0.0
11.5768
6.934199999999999
3.46417
5.77946
1.15518
5.776819999999999
4.62253
5.77721
3.466349999999999
4.619869999999999
2.309979999999999
3.481939999999999
0.0
3.525589999999999
7.109829999999999
5.951539999999999
7.15946
8.29313
5.915519999999999
10.6562
3.532529999999999
0.0
3.507629999999999
4.667679999999999
5.827799999999999
8.13763
8.137
4.640139999999999
5.79229
6.93294
5.766079999999999
6.92487
6.92682
9.24191
10.4475
9.39932
9.48387
8.34303
2.390159999999999
3.58785
8.37607
8.41202
8.41295
7.132259999999999
0.0
7.031259999999999
7.020459999999999
4.6675699999999996
4.64132
-2.31413
5.78812
5.790849999999999
4.629999999999999
3.470229999999999
3.47081
4.62225
5.763589999999999
5.7675
12.7192
8.15783
11.781
14.2669
15.5873
12.0291
4.73737
4.712259999999999
-2.33761
11.6653
12.7951
16.2658
17.4108
8.1032
15.0478
17.3595
16.1966
17.3543
16.2067
12.7445
10.4172
13.892
10.4033
12.7224
15.0992
16.4302
11.8237
9.49835
3.575279999999999
2.391859999999999
4.80219
7.21499
15.5752
-2.362239999999999
2.352959999999999
1.168509999999999
0.0
0.0
5.79511
8.11137
8.11249
5.79089
9.2661
15.0717
16.2395
6.95858
12.7425
15.0598
17.4712
23.4138
3.52672
14.1271
-4.68794
12.9754
3.55473
-3.55613
8.31682
4.73782
4.7145
2.34768
8.18808
4.657569999999999
5.811009999999999
9.288899999999998
10.445
6.966319999999999
4.64482
10.4463
5.802209999999999
5.79856
6.950109999999999
6.94322
6.98303
14.0294
3.5105
2.35103
9.51352
5.9721
2.394699999999999
7.2081
7.19615
4.76597
4.73658
9.40738
1.1646
4.65374
4.64374
5.80396
-9999.0
5.797609999999999
2.320469999999999
9.29632
2.316809999999999
3.47427
6.93773
10.4133
18.5622
16.3163
8.22944
9.50072
8.35019
4.780439999999999
-2.37712
1.18697
5.910459999999999
2.36138
3.52938
3.51877
10.5327
15.1585
15.1235
6.968259999999999
-9999.0
3.472319999999999
3.473059999999999
5.79776
5.7914
8.1043
10.4049
12.7155
19.6927
27.9353
28.1497
20.1016
9.49077
3.57315
0.0
-1.18104
1.182439999999999
5.88041
0.0
5.81179
6.97578
9.27565
11.5853
5.78619
8.09201
11.5531
10.4192
10.4236
8.10275
13.8791
16.1719
16.183
19.6967
32.7242
24.6791
17.6833
8.27298
8.32741
4.772739999999999
7.15399
-3.55243
4.71762
-1.17094
3.50428
-1.1595
4.625189999999999
0.0
1.156339999999999
1.156029999999999
2.31379
2.31209
5.77962
8.09104
8.09049
5.77359
10.3966
15.0752
14.0201
22.4164
10.6971
4.76128
2.39089
0.0
0.0
-1.184809999999999
-2.35645
-1.16987
5.84304
2.33124
4.64984
3.48142
2.319539999999999
5.799909999999999
9.27861
6.96218
8.1113
4.63511
10.4334
6.95063
10.4212
13.9214
17.4931
15.2426
7.07395
7.141029999999999
2.38465
10.7593
-1.17989
2.34817
8.21416
7.00274
4.65962
8.14336
3.482839999999999
1.159729999999999
6.956819999999999
3.47697
3.480179999999999
1.1591
0.0
1.15728
6.94272
5.776349999999999
1.157219999999999
12.7449
3.49832
11.7773
4.74845
3.574759999999999
2.375519999999999
-11.857
14.2451
0.0
4.74159
1.180339999999999
4.704769999999999
5.862479999999999
2.33897
7.008759999999999
3.50016
2.332269999999999
2.33095
0.0
2.32871
2.32845
3.491629999999999
8.12226
6.96368
11.6137
10.4549
11.6499
11.7298
18.9088
-9.3797
3.539559999999999
8.3278
9.53227
1.18876
-2.36008
-1.17262
5.85365
4.671689999999999
3.500989999999999
3.49763
2.331179999999999
4.654399999999999
1.16361
2.32838
8.153999999999998
4.65223
10.4543
3.489339999999999
15.2203
8.21934
9.42145
3.54305
10.6778
8.36274
1.19416
4.79772
7.20281
4.767019999999999
1.184399999999999
3.53743
4.701279999999999
5.85477
4.670359999999999
4.665549999999999
6.989239999999999
5.82636
8.14949
4.65503
3.49013
9.29859
12.7594
11.6022
20.9723
4.68083
11.821
9.52758
4.75752
3.588089999999999
7.2057
-1.19716
8.38134
3.577719999999999
1.18424
0.0
7.044459999999999
4.672539999999999
5.83302
1.16494
3.49491
5.815369999999999
9.30022
4.64848
11.6205
6.962889999999999
11.5911
12.7326
20.8717
17.4395
18.6985
15.2773
1.18134
4.74622
2.385699999999999
8.38645
-1.197859999999999
5.963689999999999
-3.55126
3.526359999999999
8.19652
5.847179999999999
5.83511
5.82465
5.82624
2.329419999999999
3.49034
4.660059999999999
3.49377
6.9718
6.958859999999999
9.28593
3.48349
11.643
9.2807
12.8252
4.697199999999999
9.50285
4.778439999999999
10.7693
5.953979999999999
1.185489999999999
4.71858
8.22788
7.031349999999999
11.6717
12.8221
10.4806
8.13533
10.4606
11.6235
9.29907
5.80553
4.644059999999999
6.951439999999999
8.10359
18.6877
21.1644
10.6639
10.7321
4.78434
7.19747
1.198939999999999
2.40001
3.5836
-3.56597
4.730909999999999
2.355659999999999
3.52116
10.5276
11.6648
5.82744
8.15018
11.6553
10.4892
8.14412
9.29751
8.12016
12.7561
8.10736
19.7901
19.9163
11.7645
10.6594
5.950059999999999
8.38391
10.77
7.18456
14.4109
5.95946
10.6519
8.2458
8.22603
10.5525
12.8704
10.4539
2.31548
3.47614
4.635139999999999
8.1107
9.286
8.10117
6.9293
16.1667
18.517
27.8382
18.6602
17.6251
11.8192
8.29442
9.51818
11.9236
4.75194
3.54726
7.03181
8.14481
18.5785
6.94017
2.30851
10.3856
4.61868
9.23371
9.22988
6.9293
8.085
9.23569
9.22423
4.611209999999999
17.3689
20.9599
14.067
4.690959999999999
-4.714509999999999
2.3704
3.56468
4.73284
1.17885
2.352939999999999
10.5636
5.84511
11.624
11.5685
10.3975
13.8552
13.8685
11.56
18.5142
20.8298
20.8231
26.5979
24.2751
27.7275
39.4434
35.2212
30.5227
10.5787
2.3611
9.43814
1.17501
0.0
8.25089
9.41832
8.20322
5.84342
2.32887
3.483359999999999
0.0
9.25629
4.63015
10.4436
13.9043
11.5821
11.5743
16.1996
11.555
15.0296
10.4342
12.8378
12.9017
1.17636
11.7934
4.6828
-4.66441
0.0
1.163969999999999
1.16046
3.47664
4.633659999999999
0.0
8.10685
5.77561
4.60871
5.76686
3.459709999999999
6.92844
8.08335
9.23606
10.3922
8.08233
9.25585
17.3691
15.1447
9.34266
1.174909999999999
5.93292
3.579569999999999
4.78843
7.16633
2.36213
-2.34375
5.8547
-1.16428
6.97689
1.161589999999999
2.317279999999999
3.472
0.0
1.157529999999999
2.315519999999999
2.318249999999999
1.15839
3.474569999999999
8.0975
3.46889
10.4439
10.4832
10.5023
-17.6104
9.44039
4.7374
4.755429999999999
-3.57185
4.7808
7.16553
-2.370019999999999
2.357229999999999
5.86366
7.02287
7.010449999999999
7.00647
5.836809999999999
8.16484
4.660619999999999
5.81972
5.83072
5.826839999999999
8.15036
13.9652
21.0224
10.5501
12.9355
7.069639999999999
10.6402
7.10388
5.94244
8.36326
14.3553
4.751109999999999
8.27589
7.06266
11.736
7.02416
8.18118
11.6753
7.000149999999999
6.992709999999999
5.828909999999999
8.16088
3.49317
4.649759999999999
4.63808
8.10476
3.47331
2.31835
9.3805
4.7077
3.54482
2.365359999999999
7.13424
5.94699
7.14874
4.73826
-2.35494
2.34444
8.17795
8.14215
6.970259999999999
11.6145
9.29363
12.7902
12.7857
11.62
9.28648
10.434
9.27316
10.4248
8.13928
7.01864
8.23878
9.48755
7.144099999999999
7.18602
8.41316
4.78333
-1.18812
2.36388
2.35717
9.39172
9.36527
10.5109
8.17325
10.4919
8.15207
6.98456
5.826329999999999
3.49762
3.49505
3.49182
6.979969999999999
11.6382
8.2054
7.04603
8.23391
5.90252
4.750119999999999
5.986399999999999
8.41002
3.57418
-4.727179999999999
3.550129999999999
3.538609999999999
14.1051
11.7136
9.34831
4.669509999999999
8.16059
5.81815
8.14731
8.14505
4.65585
8.14468
10.4699
12.7989
11.6409
7.01098
5.862549999999999
10.6043
5.92006
11.9428
10.7738
6.01437
6.008659999999999
1.19895
4.76785
2.36701
7.07049
8.22085
8.20061
10.5298
8.18352
7.00762
3.50117
5.83926
7.004679999999999
9.33429
6.98986
11.6491
11.612
10.4615
11.6631
11.7209
9.40468
9.48248
14.2916
3.58611
9.5768
5.940319999999999
3.54931
3.532389999999999
9.39172
4.675939999999999
8.1609
6.99241
8.15092
8.14446
5.80928
4.645529999999999
8.13134
3.485409999999999
8.12968
4.64142
6.95146
12.7474
8.13131
12.8524
10.6024
7.12567
11.9782
7.21792
8.39014
14.3205
-9.40745
5.86327
7.009369999999999
11.646
6.964
13.9145
9.26199
15.0427
12.7237
15.0479
16.2112
23.1625
16.2043
17.3515
20.8366
34.8873
30.4987
17.6616
12.9653
11.8551
5.961879999999999
8.33239
0.0
11.9287
10.6942
2.354909999999999
3.51589
5.835659999999999
8.15487
5.82031
6.97885
3.48681
5.81282
8.13961
5.81524
3.4878
2.32262
5.805139999999999
6.961979999999999
6.983939999999999
11.7486
13.0667
11.9029
11.9501
4.80503
2.40179
7.19496
3.59248
3.56968
3.55443
5.90397
3.526609999999999
7.03202
10.5271
11.6865
7.000829999999999
8.16786
8.15901
6.99912
10.4986
8.15313
9.30533
10.4698
10.4953
10.5394
12.9656
5.93414
14.2875
4.778699999999999
10.8164
8.39763
-1.19682
5.95596
5.918479999999999
8.24894
2.338499999999999
4.65308
3.484399999999999
3.485339999999999
6.97233
4.63895
3.47845
9.28675
1.15913
3.47771
6.95002
6.95054
6.983819999999999
10.5145
5.89045
5.911539999999999
7.12992
7.16952
-2.3864
3.598679999999999
7.144669999999999
2.352609999999999
9.38493
11.7001
5.83929
4.660779999999999
6.975349999999999
5.80947
6.967579999999999
4.64574
8.12996
10.4575
15.1311
15.1123
13.9167
1.157389999999999
3.4658
0.0
5.80982
11.7436
2.35781
0.0
2.37696
4.778179999999999
1.191999999999999
-1.184779999999999
4.71185
1.170779999999999
3.5013199999999998
6.99343
4.661609999999999
5.817029999999999
6.97393
9.29221
5.80785
8.12742
2.32063
8.11135
6.94894
12.7508
12.7984
9.36957
1.179119999999999
8.30821
9.54531
5.958529999999999
8.35808
3.59219
5.986749999999999
0.0
1.185249999999999
3.53959
2.349209999999999
3.51296
5.84189
4.662919999999999
6.98552
5.827659999999999
2.33062
8.15285
2.328199999999999
1.16267
2.323599999999999
5.804269999999999
1.163219999999999
10.531
2.350779999999999
8.27807
10.6802
-1.17911
8.31212
4.780219999999999
9.52378
-2.36818
0.0
1.171999999999999
12.831
9.30815
20.9222
16.2218
11.5799
15.0621
19.7006
23.1781
17.3713
17.3598
27.7278
24.3023
29.002
20.9232
28.1612
9.471519999999998
11.9386
11.9803
10.7852
0.0
5.93635
3.54394
4.71159
7.04919
7.03228
5.83743
12.7955
6.966549999999999
3.480989999999999
4.647809999999999
3.482819999999999
5.809639999999999
4.645609999999999
6.96091
10.439
8.12001
9.31572
7.019919999999999
5.89254
7.12328
7.17257
1.19947
2.408609999999999
0.0
7.07852
-1.17119
3.507639999999999
8.16413
5.82504
9.30782
4.653279999999999
4.64813
5.79952
6.95844
4.64745
10.4558
5.80912
10.4562
10.453
6.962539999999999
6.982199999999999
9.38234
8.24183
3.550829999999999
7.153369999999999
5.989569999999999
-1.197619999999999
2.39827
8.38625
3.56142
1.17977
2.349619999999999
3.51135
2.335719999999999
4.64818
-1.15928
4.637769999999999
1.159529999999999
3.47886
3.479299999999999
3.47811
6.95736
6.953409999999999
5.784469999999999
5.810979999999999
5.84675
9.35013
3.52199
5.92189
5.974079999999999
4.79241
4.80231
5.970749999999999
5.93379
1.17917
3.523
3.512529999999999
5.83713
10.4683
4.644919999999999
13.9159
2.31595
4.63658
4.63342
3.47771
1.15909
9.2758
10.4365
8.133259999999998
14.0217
10.5887
5.897339999999999
3.547769999999999
10.6313
3.534469999999999
1.17811
7.05592
7.038649999999999
15.2379
7.01245
15.1967
10.4887
18.5948
11.5909
16.2188
16.2036
21.9849
15.0387
16.1764
23.0812
19.6099
20.787
31.2198
30.2566
25.7854
14.1043
11.8339
13.0418
-1.179049999999999
5.912589999999999
5.91012
2.35373
1.17036
5.836299999999999
1.16365
1.16072
8.11956
6.94892
5.79014
4.634809999999999
4.6338799999999996
10.4257
1.15781
5.78575
5.7735
4.61716
15.0304
6.974129999999999
4.67347
5.89201
7.11509
3.569399999999999
-5.94062
3.547439999999999
7.09025
2.345549999999999
5.85482
4.66835
4.654589999999999
2.32229
10.4423
4.640399999999999
1.15863
5.79732
2.32012
4.63741
3.474699999999999
5.78976
8.09375
3.466619999999999
3.483429999999999
11.7169
8.24027
9.48937
10.707
8.35842
8.37647
2.39576
4.781869999999999
8.32925
1.17774
0.0
3.51384
4.67152
3.49386
9.30274
8.1303
10.4572
10.4376
10.4349
17.3837
10.4323
8.09653
17.3642
10.422
13.9408
4.67184
10.5723
10.6694
5.959279999999999
9.56018
8.38571
2.380459999999999
2.366649999999999
7.072689999999999
8.22673
7.014879999999999
5.831629999999999
15.143
18.6166
13.9468
37.1899
15.0836
11.5837
13.8916
18.5258
17.351
25.4264
26.6648
24.5456
22.3275
14.1863
8.30916
8.35694
5.989099999999999
5.98604
2.387389999999999
10.7013
0.0
4.69214
10.5298
6.99613
8.12893
6.949189999999999
5.780689999999999
8.10049
5.781679999999999
8.08529
4.613679999999999
8.06202
6.88532
3.442009999999999
5.778109999999999
12.8273
12.9299
14.1751
8.31093
4.767109999999999
3.57973
8.37363
10.7388
9.5192
7.08105
5.87127
8.17185
8.15623
11.6071
6.95706
8.11589
5.798709999999999
8.10728
9.25505
8.09067
3.463169999999999
12.6794
9.2245
5.80966
5.858719999999999
12.9559
10.6468
9.50969
11.929
3.58548
9.56301
1.19076
7.114049999999999
5.88952
9.38371
12.8658
15.1587
11.6091
10.437
13.9191
13.9409
10.4479
9.28599
9.29243
10.4382
16.2348
12.746
15.0993
23.2817
8.19073
10.587
12.998
14.272
9.53124
10.7049
4.758359999999999
5.912429999999999
8.23718
9.38545
11.6961
9.34046
16.2987
12.7655
10.4352
6.94413
10.4061
8.09546
9.248499999999998
9.24564
10.4026
11.5528
10.4468
15.0802
11.6095
11.6777
10.5412
9.41598
99999.0
-14.4666
13.2423
9.5681
7.14201
9.49027
13.0205
12.9744
14.1343
12.8964
10.5284
8.18663
7.00938
8.1759
11.6733
8.15516
11.6172
11.5959
9.34735
11.7996
11.8955
10.7569
12.0303
9.65542
12.1096
14.5366
9.68942
6.02735
9.57312
7.13713
13.0222
11.8008
12.9399
18.7883
14.0704
12.891
14.07
10.5514
17.5877
16.4058
14.0234
16.3568
18.8095
15.3582
11.9102
17.9363
8.39289
9.59607
14.4802
12.1079
9.68789
13.2297
3.58354
10.7156
10.6764
20.0855
20.0692
23.5679
14.1172
9.39841
12.93
12.9248
14.0931
12.89
12.877
14.0291
2.340599999999999
14.1316
9.4483
3.55438
10.7422
4.78647
12.0753
12.1007
10.8866
13.2625
5.984049999999999
9.52569
13.0426
15.3724
14.1577
15.3059
15.2991
15.2855
16.4683
18.8272
12.9323
17.6168
19.9576
18.7424
16.4569
21.1703
17.7386
16.7013
13.1687
19.3091
8.47991
12.1487
14.5828
10.8942
8.40441
8.35169
10.6975
14.1986
13.0007
14.167
12.9696
10.5996
10.5968
14.123
14.104
14.0595
18.7364
17.56
21.1129
15.3406
17.8363
13.1156
7.20652
8.45766
13.3488
12.1636
12.175
8.47968
8.40896
10.7544
11.8949
17.7692
17.7307
14.1789
14.1727
14.1672
12.9849
11.795
15.3315
12.9541
12.9477
16.4694
17.6631
16.4928
3.54514
14.2656
9.59655
14.4555
3.61802
10.8513
3.61132
19.2696
5.98367
8.32698
18.9556
9.45135
11.8104
12.9786
15.3251
12.9507
14.1376
15.313
8.23569
12.9409
11.7478
9.37791
5.868999999999999
9.41794
8.29148
9.51419
5.998339999999999
13.2678
10.8985
18.2003
6.06191
8.43533
2.39025
5.954679999999999
11.8747
8.29159
9.44816
8.26267
11.8064
9.43323
10.5969
8.24695
10.6104
10.5932
12.9396
44.6281
18.8204
16.5387
22.5173
17.8626
10.7751
-18.1235
16.9323
14.5567
13.3704
14.5369
2.403389999999999
3.586259999999999
13.0076
-2.34056
8.17269
11.689
10.5234
11.6918
12.8579
14.0378
12.8593
13.9997
11.6494
16.3067
12.8738
23.6579
13.0772
11.9504
9.63557
8.47087
7.25342
3.615229999999999
8.41004
-4.75861
8.26055
8.23775
11.7415
9.37046
18.7127
14.0161
10.499
12.8335
10.4962
13.9767
16.3039
19.7895
16.2814
20.9268
28.0826
26.9987
18.9034
17.849
11.9714
10.8043
7.22637
9.645
10.838
4.7987
4.77475
5.93168
14.197
10.6031
11.7703
14.1089
5.8746
11.7349
10.5549
8.19466
9.3526
12.8561
14.0151
11.6934
9.3822
18.9058
10.7164
8.38802
8.43177
7.263429999999999
6.073109999999999
3.65167
8.51171
8.49409
4.81564
8.3612
7.13096
11.835
9.44882
9.43795
9.42688
7.0579
9.39342
10.5645
14.0978
12.9092
12.918
15.2668
12.9165
15.2989
14.1181
11.8817
9.52064
5.96624
14.4547
15.7111
12.0571
3.598879999999999
9.5405
14.2618
14.1936
10.6189
14.127
14.0945
15.266
12.9123
11.7337
12.9067
12.9098
18.78
22.3202
17.5981
30.5051
9.373
12.9443
13.0208
15.4757
14.3202
14.3686
12.0581
18.0708
10.808
13.1517
13.0869
17.784
18.9174
16.5117
16.496
14.14
15.3204
12.9526
10.5968
11.7616
14.1054
11.7376
16.4324
15.2702
17.6855
13.0359
15.4984
4.799959999999999
19.3562
8.48318
9.75849
9.74703
13.3838
6.02196
8.35877
15.45
20.1457
11.8267
14.1817
15.3614
18.8903
16.5123
11.77
18.8254
17.6099
16.4198
24.6345
36.4061
32.969
17.8153
17.9509
16.7825
13.1913
8.41325
10.8751
8.43347
9.6283
8.3712
10.7257
14.2437
10.6607
11.8174
8.25985
17.6723
7.03059
8.19776
12.8794
8.18926
9.35208
10.5186
14.0069
23.3839
29.366
21.3689
10.7468
13.2118
10.8458
12.1072
4.79704
0.0
11.9375
4.75333
8.28086
9.42526
14.0989
15.2226
8.18154
14.0095
9.34597
12.8568
17.5378
14.0296
16.3412
12.8454
29.1913
25.6996
12.8967
10.6181
14.2357
11.8284
1.183179999999999
5.982999999999999
10.8737
13.3076
4.80848
11.9352
7.11233
17.7111
15.3186
17.6512
19.955
17.5874
16.3817
15.1914
16.3653
16.3672
19.8688
17.4949
13.9972
19.8863
29.4905
26.1147
8.2959
9.53641
7.216409999999999
13.3342
9.7218
6.072359999999999
8.47512
7.20458
8.36211
5.94956
11.8462
15.356
11.8086
10.6125
10.6069
12.9696
11.7802
11.7622
15.2788
12.9141
16.4172
21.1354
18.9411
15.5282
14.3481
12.0495
12.1166
13.3871
12.1885
10.9624
7.26205
12.0509
9.56352
14.2757
15.4281
18.9692
24.8581
34.2856
30.7283
23.6604
15.3564
14.1726
18.8831
17.6839
20.022
9.46361
15.4298
11.9683
19.2243
12.112
9.7227
13.4176
14.6771
10.9911
12.1439
8.43753
8.38024
11.9304
14.2524
16.5797
18.9231
14.1562
14.1216
16.4778
17.6577
17.6349
15.26
23.4764
23.4981
28.3354
33.304
24.0028
21.7341
23.0451
14.6158
14.6377
11.0107
21.9938
13.3597
15.6752
14.3506
14.2867
16.5887
17.7588
16.5321
14.1344
16.4717
14.087
19.9229
19.885
23.3581
17.4744
17.4557
15.2237
16.5785
23.887
16.8501
16.9704
13.3618
8.5475
11.0132
4.89076
8.52633
6.03181
8.37767
17.8558
16.6084
17.7516
18.9303
16.5445
14.1401
15.3093
16.4566
18.7631
12.8747
15.1828
16.3398
24.5429
28.2629
14.2453
23.9534
15.6766
12.1542
14.6703
6.11517
7.33391
10.9678
7.233139999999999
14.3656
19.0641
22.5193
16.5691
15.3611
17.7181
18.8844
17.6659
17.6512
21.1276
17.5805
21.0444
26.876
29.2284
42.3322
30.8784
17.9811
12.0686
19.4336
13.356
8.52589
7.283339999999999
9.70989
12.0668
11.9418
19.0298
16.5687
21.2367
21.1864
15.3135
22.3683
19.9892
15.3055
21.1561
11.7267
21.1096
21.0929
23.4882
20.0899
20.2324
21.5922
14.4809
15.7814
6.07578
13.4095
10.9616
6.080619999999999
13.2925
8.40094
10.7483
14.2645
14.2418
18.9584
14.2163
18.9401
15.3632
4.7087
4.69866
5.867689999999999
9.37915
11.7065
8.20825
17.6313
2.357749999999999
15.4799
9.61108
12.1095
14.5927
12.2026
12.2092
8.51612
7.23299
8.36168
11.8582
21.2652
31.7696
42.2856
44.573
93.6646
50.3542
35.0655
29.1859
27.9737
24.4057
15.1033
9.37936
17.8044
19.232
18.1673
9.73565
6.11706
8.59609
6.166699999999999
8.61872
4.885559999999999
0.0
4.8028
7.159729999999999
14.2368
11.8385
7.078269999999999
16.4778
5.873719999999999
9.38444
7.02637
10.5187
7.005119999999999
10.4838
11.6422
8.19848
16.5763
16.7883
8.454
7.290899999999999
7.341529999999999
8.61464
2.46159
4.923049999999999
1.22706
3.64067
1.20028
3.57491
11.8446
8.25766
11.7602
15.2488
10.5398
11.6832
10.5011
23.3144
9.31241
19.7448
20.8951
5.857899999999999
16.5909
9.6026
10.9169
7.30403
-1.219919999999999
3.670519999999999
2.44966
8.56787
6.101939999999999
-1.20598
8.34916
14.2151
10.6111
11.745
16.405
12.873
18.7368
17.5273
16.3618
18.6714
24.4691
27.9048
26.747
32.7151
23.7065
23.9322
15.6605
12.1391
13.4205
14.6841
9.80314
14.6817
9.76585
6.05079
7.21178
11.9543
16.6687
15.4235
15.3883
17.728
15.3447
16.5155
16.4823
16.4467
22.2931
18.7661
22.2987
29.4275
37.8592
28.603
24.0205
14.4614
18.1566
15.7876
16.9969
12.103
16.9252
16.8151
19.1326
14.2886
16.6165
21.3202
14.2009
17.7007
17.7087
17.7114
16.5278
17.7059
18.86
15.3083
19.9904
12.9538
17.7336
20.1825
16.7521
15.6477
14.4723
20.6353
20.6462
12.1096
9.61084
9.54748
9.50055
9.47894
8.28058
9.45135
5.90277
9.43553
12.9531
8.23611
9.40816
14.13
12.9379
11.7356
10.5599
10.5529
15.2828
17.7697
19.0767
13.162
14.3886
13.2001
4.793969999999999
7.16122
10.7264
8.31779
9.4777
9.45519
12.9625
16.464
12.9181
10.5608
14.0709
14.0598
11.6927
16.3443
11.6497
11.6212
13.9241
33.6812
22.2078
14.2103
23.9013
15.6328
15.7068
18.1987
16.9994
6.04293
14.4123
9.5354
14.2703
16.5399
15.3193
17.6612
18.8206
18.7805
12.898
10.556
15.2429
16.4083
18.7492
21.0863
16.3787
15.2094
19.9527
15.4219
20.3233
12.0134
14.4282
14.3997
11.8705
7.092469999999999
13.044
16.5697
14.1409
10.5819
7.03439
9.34791
9.34323
11.6729
12.8265
7.001199999999999
12.8366
15.1788
16.3412
15.1627
13.9807
15.1739
14.0272
9.41647
11.8692
14.2737
4.773369999999999
13.1177
2.37474
13.0539
10.656
7.07856
3.52694
5.870059999999999
9.35907
12.8639
5.84133
8.17252
9.33004
6.995309999999999
8.15769
6.98998
2.33053
9.31827
15.1279
3.50807
9.40908
15.3382
14.2272
13.1128
10.7732
13.2398
10.8188
8.36767
8.3329
7.111239999999999
8.26675
9.416339999999998
10.5833
5.85988
7.02653
10.536
8.19506
9.36167
7.01991
9.35339
5.838619999999999
9.33488
8.15741
8.16127
12.8443
9.40063
11.8059
10.7002
9.54255
5.984869999999999
14.4321
12.0396
7.200459999999999
9.53488
7.11362
4.72689
9.42388
10.5865
12.924
12.9034
14.0489
10.5462
7.02801
8.19886
8.18131
8.17541
8.16185
12.8642
15.2511
4.71149
13.0862
14.3466
8.359
10.7828
7.17909
14.4906
14.4451
5.950949999999999
8.28325
14.1585
14.0951
11.7071
7.01271
11.6829
10.5099
9.35007
9.34116
9.34374
12.8375
15.1676
10.5038
18.6846
24.6635
14.2287
23.9187
21.608
13.1802
10.7908
20.2579
2.352549999999999
21.214
11.7958
12.9274
12.868
16.3452
12.8186
15.1402
15.1238
11.6314
11.6307
15.1373
17.4708
17.4841
17.4676
18.6541
35.0474
39.8702
29.445
26.0993
17.8958
11.9953
14.4673
19.3899
14.5725
12.1169
12.0262
9.5567
11.8875
15.3958
14.1874
12.9749
16.4988
17.6513
15.2763
15.2903
18.8041
16.4165
24.6236
19.9225
10.5756
18.8749
15.4597
16.6933
16.7951
99999.0
14.2066
16.5277
17.7835
20.121
8.22022
16.3219
11.6009
19.6604
18.4458
14.9669
19.5428
16.1101
18.3923
17.24
16.0948
14.9392
14.9146
16.0552
20.6044
19.5297
22.9475
16.11
20.7999
15.045
22.0952
39.7907
19.9435
15.2359
22.158
15.0523
20.7589
19.5699
17.2648
16.1057
13.7587
12.608
16.0124
12.5783
14.883
14.8605
20.5323
18.2401
25.1247
19.5177
16.2704
15.1835
19.9873
16.4927
21.3094
21.3589
14.179
16.5238
22.3097
20.98
22.0462
20.8212
21.9251
21.8989
17.2639
17.2576
17.2454
18.3944
18.3802
21.8185
21.8154
26.3621
22.961
26.5885
22.0784
17.5071
22.3035
16.4951
17.7246
17.7493
10.6432
13.0357
15.3258
11.7026
16.3163
18.5707
20.8202
19.6291
17.3019
19.6134
17.2908
18.4229
16.1106
14.9186
16.0611
18.3478
27.5337
20.8246
19.8689
14.0579
18.7964
15.3517
14.2282
17.8475
8.32626
14.2478
14.1724
12.8973
16.3173
10.4089
11.5309
17.278
16.1132
12.6417
11.4736
12.603
12.6098
8.01118
3.41935
10.2509
18.2455
21.7218
99999.0
9.30736
15.2204
9.40934
15.4084
14.2885
11.9408
8.32833
2.36227
9.40153
12.8848
14.007
12.7926
16.2499
12.7653
-9999.0
16.2455
12.7493
11.5847
16.2167
9.25264
13.8635
12.7341
13.9755
9.36973
11.7882
16.5876
10.6984
10.7581
10.7882
7.202
8.40932
15.5193
3.54172
12.9087
14.0162
13.9849
12.7994
17.4703
-9999.0
19.785
16.2704
18.5595
15.0453
19.6236
17.2832
31.2234
26.938
17.7518
15.4978
16.8087
13.2641
2.411029999999999
2.41568
7.232359999999999
9.61357
15.5592
10.664
12.9578
12.895
16.3606
13.9855
11.6192
-9999.0
12.7545
16.2186
17.3647
21.9972
19.6604
23.0704
25.4756
30.4792
27.1711
29.7725
27.4992
13.1945
12.0155
8.41625
8.41441
12.038
16.7245
9.46722
12.9634
15.2789
16.3888
8.17335
16.3261
-9999.0
13.9839
13.9883
16.293
17.422
15.0875
18.5178
10.3975
10.4025
12.7641
14.0251
17.6528
16.6045
17.8594
-17.9167
10.7357
11.8959
11.8646
24.7275
17.6117
17.5482
16.3201
16.2838
18.5981
-9999.0
15.0611
16.1839
16.1773
17.3331
16.1868
18.5105
19.7238
30.4348
20.0568
15.503
14.4139
13.2745
12.1168
6.06643
9.68409
13.2943
10.7841
10.6855
12.9866
12.9362
18.7653
19.9119
19.8984
-9999.0
19.8347
22.181
23.3594
17.4902
23.2894
13.948
22.0823
18.6169
18.6326
13.996
11.7376
12.9926
15.4203
13.1105
9.53918
19.1483
13.0797
4.72623
14.1169
9.379459999999998
14.0261
12.8312
16.2978
-9999.0
10.4688
11.6346
11.6288
10.4661
10.4458
13.9293
13.9414
17.4557
17.4898
8.17485
16.3484
12.8613
15.2462
19.9987
14.0694
11.7245
17.5656
14.0097
13.9811
10.4556
9.25697
9.23112
13.8364
-9999.0
12.6698
12.6556
12.6309
16.0467
21.7616
16.0209
24.1357
23.1945
18.793
19.0024
15.4546
15.4969
16.767
13.1887
9.57915
13.1524
10.6852
8.250939999999998
14.0778
14.0231
13.944
13.9126
19.6669
14.9871
12.6505
12.6442
26.4286
18.3598
20.6153
20.6376
41.3851
33.3693
19.6915
25.7574
18.8253
10.6545
15.4808
26.2868
13.1617
13.1358
7.100399999999999
15.2832
23.3917
13.9972
17.4763
16.2751
24.3739
26.7137
27.8438
25.462
25.4489
24.2492
26.5655
23.091
40.4717
25.5825
26.9074
14.0697
15.3537
17.7844
16.6948
17.9281
21.5301
10.7054
17.7037
12.8742
11.6461
13.9331
8.12331
9.269099999999998
12.7555
-9999.0
10.4099
6.94061
9.25006
16.1674
16.1352
18.4128
18.5066
24.527
22.4167
22.5732
19.0726
20.3641
19.1599
15.5737
11.9491
10.728
11.8548
18.8629
21.0981
25.7113
22.1575
22.1079
20.8992
-9999.0
19.7038
17.3759
19.6848
19.675
20.7998
17.3107
20.8129
29.1959
24.6778
21.1543
29.6016
22.6106
22.7055
17.9591
17.9184
16.6978
15.3802
9.40747
12.9049
16.3598
18.6412
18.5644
18.509
-9999.0
19.62
20.795
16.1838
19.6477
21.9935
19.6354
18.4796
18.5182
17.4434
25.8795
16.5932
17.8787
15.602
18.0582
14.4332
16.7818
14.2839
11.7998
16.4258
19.8802
21.005
18.6163
13.9228
-9999.0
22.066
19.7586
18.5724
17.3856
17.3921
19.6922
19.7451
18.5896
23.4398
23.5363
20.0703
21.4331
20.3569
22.7978
24.0398
27.5829
20.2274
15.3314
18.7607
19.8485
22.1438
23.2436
22.0551
-9999.0
23.2163
22.0712
24.3853
16.2424
25.5169
24.3204
24.3628
30.2864
19.9253
23.549
27.2862
26.2599
25.0795
22.7028
23.8773
23.8244
23.6989
21.1693
22.2499
23.3513
27.9763
30.2344
26.7051
-9999.0
99999.0
99999.0
99999.0
99999.0
99999.0
-17.3588
30.1403
26.767
99999.0
99999.0
99999.0
99999.0
99999.0
99999.0
99999.0
26.2089
20.2196
27.2065
25.9164
29.3994
31.6944
32.8208
35.1173
37.4032
36.2422
32.7176
35.0568
30.3576
37.3229
40.7642
37.3547
37.4103
106563.0
-17.7419
17.8106
33.4749
28.7526
26.3226
33.5289
26.1686
30.7808
29.4522
28.1936
33.995
31.6039
37.4118
31.4967
31.4306
33.786
30.2266
33.6996
31.3739
34.8406
40.6235
39.4902
40.7865
31.5551
28.2225
30.787
29.8328
26.3747
25.1832
26.2532
35.6431
47.3193
36.5528
31.7395
33.9869
29.1738
30.2985
25.6127
25.549
24.3638
26.6713
22.0632
24.3532
24.3283
30.1118
33.5904
24.3981
24.418
24.5423
29.3547
30.7217
31.9961
26.1201
28.6104
30.8781
28.414
31.7989
32.8762
29.2578
35.0762
27.9919
23.257
25.5462
24.3753
26.7061
23.214
25.5212
30.1225
24.3251
25.4629
19.7343
19.8458
23.5127
23.6603
22.5755
15.5041
25.1636
22.8296
23.9837
16.6658
17.7514
20.0169
21.1131
23.4208
29.2404
29.1653
20.9404
26.7957
22.1334
26.7759
23.2726
24.4104
24.3841
22.0953
31.4986
17.5475
29.481
17.7775
20.3543
22.8774
19.3468
18.131
16.8761
21.5647
16.624
28.3318
62.3527
60.8728
49.0874
50.2105
44.3479
33.8098
39.6618
32.6476
31.4715
34.9262
30.2703
41.9297
39.6702
43.3194
28.2274
29.6705
27.5498
26.5207
29.009
28.9821
29.9904
27.4038
26.0428
28.2681
30.5216
35.1627
38.6401
33.869
30.3288
32.6286
36.1373
33.789
36.1233
33.7274
38.3705
38.4123
38.5337
37.5228
40.0835
40.5356
32.3964
28.9397
28.9808
31.3511
30.0642
25.0081
29.5461
28.2542
31.6764
32.7488
31.4765
32.5886
32.637
30.2557
33.776
27.9104
32.4605
3.455179999999999
5.75056
14.9957
18.5362
25.6881
18.8029
15.3259
26.1085
19.0859
15.5763
19.1829
21.5764
21.4491
13.012
16.4716
25.7785
28.0752
26.8105
30.2435
23.224
20.8642
23.1351
26.6343
30.0715
29.9882
24.198
23.0885
32.5542
23.4166
27.2427
32.1224
26.2915
28.8525
30.1221
27.726
22.7829
22.6034
27.0996
43.39
40.9217
41.9932
39.6138
36.0474
32.5025
31.3005
30.153
32.5058
32.4658
34.7538
38.2257
37.104
36.0804
30.4317
35.3684
33.308
31.168
32.4909
28.9599
18.0235
23.9931
28.6102
26.0289
28.2359
30.5008
33.8544
34.9018
31.3935
31.4079
31.403
26.7438
30.2437
29.0481
29.015
31.2774
35.9296
29.1119
38.7481
34.1042
30.6426
33.1253
29.5813
24.931
29.748
26.1644
23.6045
17.6218
25.7663
26.8732
25.6603
29.1121
34.8712
34.8368
37.1199
37.0779
42.842
34.6469
38.1148
41.5433
39.2828
46.6163
40.1041
34.3935
35.6871
25.0734
26.2438
27.5059
23.8325
24.9879
22.4337
19.9609
22.2251
22.2006
29.1113
24.3281
27.7998
30.1315
35.9378
32.448
33.687
36.0527
33.7115
38.2722
34.7667
39.5358
32.6277
34.0156
36.5437
29.5115
34.3537
27.0358
31.613
25.7559
28.0808
32.6963
29.1276
26.7182
30.1941
32.4752
31.3227
23.1313
20.8229
17.3384
20.8246
18.5014
20.8131
19.655
18.4948
23.1809
11.6707
14.1015
14.234
17.8806
4.779329999999999
10.7833
11.9894
5.94615
10.6064
11.7147
17.5327
14.0002
13.974
13.9699
15.1209
13.9636
13.947
10.4534
10.4608
15.1105
18.5815
11.5938
17.4498
23.4338
22.3718
16.5797
13.0589
15.4833
15.5131
20.4563
18.087
14.439
9.5427
14.2283
12.9609
19.8811
2.30905
9.2406
6.92541
9.2323
12.706
12.7025
10.3883
11.5459
15.0122
17.29
19.6732
22.1903
22.4283
15.3969
19.1217
19.2132
15.691
20.5628
16.9112
12.0445
14.3283
16.5818
20.0389
25.8731
20.9678
11.5941
16.2212
-17.4036
12.7508
6.933729999999999
6.92935

